0.20734122
0.2024341
-0.09279418
0.116037786
0.38008422
0.19124797
-0.1282177
0.17005455
0.05397156
0.33201978
-0.51446056
-0.6485206
-0.29507822
0.0772748
-0.40608132
0.08164376
0.35827208
0.48238298
0.30281854
0.61207014
0.6245228
0.57162625
0.6925455
0.8013967
0.79655004
0.7514496
0.8953506
0.38200718
0.30545807
0.26449174
0.11317819
0.46498236
0.48416522
0.5874891
0.53834724
0.20211068
0.6126774
0.30683565
0.38405415
0.41758087
0.54453194
0.865935
0.65587974
0.41471416
0.37609106
-0.040564597
0.37823334
0.4894902
0.5179097
0.55478865
0.19920257
0.08750498
-0.19429767
0.42480505
0.08850074
0.33047688
0.23530781
-0.0045456886
0.5572661
0.6476618
0.62990093
-0.050750256
-0.061316013
-0.06764984
0.17820767
-0.20050943
0.032862276
-0.2366839
-0.47701567
-0.5561354
0.10183495
-0.23948872
0.10078129
-0.053213477
0.39286137
-0.23725301
0.12997237
0.48654333
0.70858955
0.6609601
0.64018786
0.738145
0.5935531
0.45029354
0.84427553
1.0221496
1.0450134
0.93980336
0.9084324
1.0360672
1.1462792
0.9656722
0.6919003
0.869694
0.03670144
0.36810526
0.46183646
0.59725964
0.7002123
0.6563053
0.78690314
0.66760504
0.6482285
0.5882054
0.6172786
0.7422394
1.0659368
1.1135435
1.1038451
0.86148715
0.85762453
0.7608483
0.9809921
-0.111476004
-0.7213404
-0.64210665
-0.4874
-0.4064595
-0.29277933
-0.037768364
0.15010807
0.041187137
-0.34655857
0.17798635
0.12386742
0.23931348
0.3778022
0.65514916
0.69337726
0.39911473
0.856557
1.0550972
1.0581073
1.079653
1.0286796
1.2051555
0.79556966
0.71050286
1.1753205
0.65620035
0.90694773
-1.0322
-1.4334848
0.21589383
0.6836356
-1.2994387
0.5849351
0.23982322
0.56400585
-2.2378294
-2.5599275
-1.5624616
-1.0232139
-2.0212758
-1.7701497
-2.319137
-1.9554985
-1.6871674
-1.837173
-2.488708
-2.8399851
-1.8088899
-0.7533965
-0.18867552
-0.29001743
0.21709412
0.65037346
0.5041501
0.69720805
0.82961476
1.0670836
0.7967621
0.32036936
0.8859145
1.1525462
0.9479437
0.85619986
1.1467323
0.51134235
0.9654869
0.68344927
0.93074566
0.9695397
-0.05851996
0.57628465
0.79548883
0.7716936
0.032396108
0.5217067
0.47561947
0.4612364
0.79631495
0.67259526
0.4566626
0.52752984
0.17971274
-0.009850383
0.1680139
-0.85826576
-0.071369946
-0.4288714
-0.008175671
0.33313757
-0.48178267
-0.5612196
0.1255996
-0.24691534
-0.14074492
-0.28697687
-0.91995263
-2.3059676
-1.1639453
-0.07336438
0.19061765
-0.15357631
0.25371552
0.31394026
0.43284202
0.41970277
0.32795486
0.6374935
0.77560985
-0.20762968
-2.3316076
-0.7691418
0.5018655
0.18253714
0.74473405
0.3115613
-0.055825472
-0.1662677
-1.1757863
-1.9822171
-1.6402469
-0.9369856
-0.66907
-0.80940783
-0.09159762
-0.08457792
-0.14120746
0.35423434
0.34874523
-0.77401006
-2.102013
-1.9979868
-1.4636744
-1.0766859
-0.73021126
-0.82198906
-0.30415225
0.4035247
0.63884556
-0.051090658
0.06126952
-1.1124642
-0.19804329
0.042152107
0.4815676
-0.65808547
0.118034095
0.17301926
0.26569504
0.69755375
0.20672873
-0.2178641
0.7309658
1.0283804
0.50712836
0.3910836
-0.18359399
0.24523053
-0.23802567
-0.012712359
-0.24653172
-0.34641278
-0.86315346
-0.034205556
-0.687732
-1.039632
-1.1787139
-0.5581628
-1.0593722
-1.0652046
-1.2010434
-0.93582916
-1.2431943
-0.5850997
-0.18880874
0.011010587
-1.3485959
-0.5004523
-0.9242805
-0.026707351
0.45230487
-0.06519312
0.108213544
0.16303417
0.5970264
0.68590796
0.6431332
0.3642486
0.56939334
0.021596074
-0.92307353
-1.5944133
-2.4998376
-1.1522753
-2.592909
-0.44291055
-2.5665965
-1.670188
-0.51504683
-0.7446568
-0.17884439
0.14133766
0.17417052
0.5100643
0.45436874
0.5376049
0.301509
0.03808707
0.24032146
0.5921766
0.69057125
1.0867443
0.3332222
-2.372814
-0.57642627
-0.051264703
-2.492556
-0.102288306
0.0704906
0.00602895
-0.004034102
-0.28071684
-0.41645205
-0.18707639
0.17621821
0.32870054
0.32923418
0.16309115
-0.026837349
0.4870315
0.8139925
0.3925606
0.67732155
0.78307974
0.27514717
0.45496795
0.32507044
0.28736752
-0.21183205
0.08520529
0.4686156
-0.771598
-0.5931219
0.096518844
-0.5376966
-0.18243134
0.77678883
0.91036797
-0.44781697
-0.022377849
0.54348993
0.15501225
0.69642544
0.65839225
0.39346254
-0.007376313
0.604569
1.4377604
0.17807549
0.44050884
0.6884017
0.7971009
0.7738992
0.6588613
1.0250167
0.78668964
0.11293325
-0.3468591
0.17926532
0.46420094
0.659702
0.6287898
0.11870417
0.48715478
0.9122462
0.687025
0.7211921
0.64412165
0.35570443
0.5472876
0.46981567
0.6687484
-0.39047074
0.12603766
0.5756475
0.6032003
0.42976534
0.036090285
-0.8336648
-0.36748397
0.19154727
0.5425457
-0.3042307
0.12863216
-0.0046769977
-0.3661701
-1.7769091
-1.4330251
-0.5858747
-0.11844462
0.2227095
0.06694883
-0.42353886
-0.4101714
-0.19980651
-0.4135176
-1.7115774
-0.40696746
-0.040637374
-0.08524752
-1.516676
-1.3956398
-1.477897
-0.9591869
-0.76115334
-0.6800864
-1.5716658
-2.2255905
-2.3966088
-1.7468491
-0.84163964
-0.26599193
-0.18523306
-0.38142598
-0.4347505
-0.94382715
-0.7144661
-0.11441165
-0.7928623
-0.82624257
-0.2504248
-0.0140375495
0.4483437
0.1958197
-0.68603194
-0.12366259
0.28557724
0.61048675
0.7013804
0.85205793
0.7151741
0.74000305
0.76303816
0.36270678
0.5683706
0.3664295
0.28276092
-1.4000045
-1.6064794
-1.3239018
-1.3489625
-1.6872659
-1.0222753
-0.10793543
-0.96714914
-0.5449686
-0.6364019
-0.70625794
-2.254593
-1.4988861
-0.6366755
-0.10253674
-0.34384727
-1.6519942
-1.3022214
-1.1631626
-2.1220286
-2.0981548
-1.6509602
-2.4359555
-2.2698052
-1.4128561
0.1322675
0.26001275
-0.021509588
-0.3725161
0.11350861
-0.29607546
-0.056150794
0.4587167
0.5425712
0.43604767
0.7080781
0.4313438
0.56054485
0.5080967
0.42924684
0.59342337
0.025241941
-1.9075494
-0.8083918
-0.44716477
-0.09452176
-0.17621094
-0.98971796
-0.6239015
0.22427091
-0.17506087
0.53948474
0.8456513
-0.4607008
0.67024523
0.5687956
0.9192735
1.2316215
1.1839864
1.1342976
0.76905787
0.86457086
0.48111424
-0.3711813
-1.6783729
-0.93443084
0.0038161874
0.5597185
-1.753161
-0.8112731
-0.4228025
-0.0031274557
0.3446957
0.2641672
-1.8268092
-2.317331
-0.41587627
-1.5325947
-0.9998467
-1.9191098
-2.6093585
-0.9461452
-0.37714016
-0.7781619
-0.1713447
0.43055448
0.381864
-0.122216105
0.2862156
0.4886687
-1.4841225
-0.50881565
-0.15979189
-0.40187573
-0.426068
-2.168331
-2.1220212
-1.6558161
-0.82429934
-0.6599443
-0.2551077
-0.21822804
-2.1803231
-1.399635
-0.17498517
0.0043470263
0.15069658
0.45196
-0.39305335
-1.0830547
-0.8140142
0.07515308
0.56579065
0.43356052
0.53007966
-0.29503
0.32613555
0.14494342
0.024148911
-0.22879666
-0.31284118
-1.6707542
-1.8802674
-2.0508437
-1.8251648
-1.1965672
-0.38889402
-1.8198688
-1.9783483
-1.3055549
-1.8426442
-2.0237234
-2.0189943
-2.119562
-1.8731427
0.023259133
-0.66065264
-0.45486778
-0.39899343
-0.93889725
0.21293512
-0.068952024
0.28887326
0.90558636
0.8984536
0.28954643
-0.23604995
-1.1596863
-0.42420816
0.19416007
0.3370865
0.26216567
-0.31405056
-1.3541495
-2.1239893
-0.7635009
-1.0275081
-1.0256059
-0.942181
-1.7193453
-2.4731987
-2.553972
-1.251838
-0.6927124
-1.123198
-1.9622352
-1.5553005
-2.2013032
-1.9013808
-2.133927
-1.3506178
-1.3050272
-1.3715346
-1.4024853
-1.9026442
-0.73088753
-0.09880084
0.27784908
0.25485665
0.112237215
0.2537395
0.20619562
0.09678829
0.25362772
-0.79608047
-2.9548204
-1.4325475
-0.37117207
-0.9909189
-0.9478171
-0.94006944
-0.19539768
-0.78941035
-1.4143896
-1.34276
-1.9446621
-2.4092536
-2.4520154
-1.8432188
-0.906788
-0.77250075
0.14972892
-0.24964207
0.024699181
0.14898244
-0.58533597
-0.22243756
-0.28223622
0.4459127
0.023731679
0.4229896
-0.08159125
0.41109377
0.5190013
-0.13490903
0.084074795
0.31570226
0.44560486
-0.5270531
-0.077709794
0.114914864
0.34972706
0.44641677
0.5279831
0.24833348
-0.27919662
-0.36548275
-0.3359776
-0.20040447
-0.27434748
0.37315255
0.5122772
-0.27625704
-0.74880075
-2.08768
-0.21348238
-0.29813796
0.037651837
0.012059122
-0.016945183
-0.8847389
-0.719316
-0.92141044
-0.25351274
-0.393551
-0.12498468
0.13709849
0.3463176
0.3341865
0.30829
0.33559752
0.23428518
0.28365132
-0.067471325
0.16185972
0.19427195
0.40263063
0.20731887
-0.3249063
0.23855993
0.34824964
0.23698393
0.18267488
-0.058134317
0.3963222
-0.11801189
0.11626941
0.24443763
0.1707811
-0.8526759
-0.38379776
-0.27120334
-0.087089896
-0.0021820068
-0.08525175
-0.022880733
0.09265599
-0.18847
-0.5064982
-0.5876925
-0.4349351
-1.3112544
-0.16426253
0.4413837
0.37522823
-0.20437902
-0.46377712
-0.9855597
-0.6157949
-0.1632573
0.21803659
0.011291534
0.20118499
-0.40852517
-2.4456768
-1.6259537
-0.591915
-0.08469039
-0.15824085
0.39866376
0.10135898
-0.17309391
-0.23755991
-0.016848564
0.20306301
0.12111026
-0.5097842
-1.1114178
-0.21148229
-0.4489187
0.13703316
0.14944968
-0.31413627
-0.13017255
-0.31068993
-2.0845199
-2.2007952
-1.5321903
-0.1839425
-0.096010745
-0.3506801
0.2730428
0.363842
0.47307736
0.24631411
-0.4357111
-0.48222578
-0.23282415
-0.5309086
-1.9162354
-1.0283139
-0.7394022
-0.9538959
-1.980717
-2.0318077
-2.030826
-2.2915134
-2.3127723
-1.5550904
-0.27141553
0.20063362
0.0834032
0.31319714
0.3660767
0.28831333
-0.759074
-0.6622473
-0.08478856
0.04544732
-0.33286607
-1.7650018
-0.8930994
0.07056913
0.18047401
0.5304444
0.5149707
0.25647524
0.5256223
0.73399454
0.95806956
0.81906456
0.4647485
0.65915287
0.7596272
0.8908535
0.12496197
0.3152216
0.42257804
0.5828229
0.43945223
0.386163
0.29182208
0.5152268
0.38903993
0.29970935
0.60275924
-0.08438069
0.31365797
0.24109375
-0.0058043003
0.37326437
0.52965117
0.56943816
0.10867539
-0.48186928
-0.09237194
-0.49479043
-2.0981424
-2.0519197
-1.0004113
-1.4555483
-2.340659
-2.4373906
-0.94367087
-0.09580314
-0.31034857
0.055892438
0.3699457
0.20910853
0.21170983
-0.9898584
-0.8432542
-0.090966105
-0.0067719817
-0.4038841
-0.15543145
-0.5535184
0.026717246
0.049443275
-0.6683973
-2.0018559
-1.0255301
0.30281729
0.071671724
0.07480186
0.382481
0.64291847
0.11422521
-1.1419646
-0.506302
0.062196553
-1.3990622
-0.3531598
0.10827705
-0.056260407
0.24878779
0.08878747
0.223441
0.3249695
0.3141508
0.13729072
-0.04488516
0.38534912
0.034262538
0.057718605
-0.32226193
0.06579128
0.23307332
-1.338691
-2.4661803
-2.3591375
-1.114791
-1.4494759
-0.21479672
-0.17553353
0.11325452
-0.09022111
0.10653439
0.0039106905
0.08700308
0.035247147
0.095371455
-0.812647
-0.37381
-0.37634605
-1.1609954
-2.1521127
-0.8136376
-0.232526
-0.7592622
-0.43763638
-1.8766811
-2.3228648
-1.2550422
-0.29072797
-0.47489035
-0.06428456
-0.26526564
-0.22467196
-0.26572126
0.03933209
0.044142067
0.018968195
-0.884743
-0.40577197
0.17938268
0.17653838
0.3072089
-0.34656894
-0.33368373
-0.4213332
-0.62008715
-0.38569534
-0.34875196
-0.30248034
-0.70071113
-0.18756855
-0.35687482
0.2595086
0.6574911
0.7285721
0.79021704
0.54773605
0.7343566
0.5575261
0.21199363
0.054014623
-0.14567137
-0.5490422
0.031377345
0.021383047
0.030855417
0.3825898
0.46903655
-1.4217811
-1.614068
-0.1768341
-1.0673057
-1.3064065
-0.56752706
-1.030088
-0.7166488
-0.17678785
-0.3986699
-0.38534552
-0.478826
-0.89394486
-0.7269081
-1.877614
-2.2037673
-1.7075286
-0.3113892
0.08940202
-0.005767286
0.1945388
0.26763743
0.4618009
0.4156322
-0.23679137
-1.2706035
-0.1803565
0.2544678
0.19775996
0.21087417
-0.65922916
-0.34823823
-0.3030355
0.105282485
0.3725977
0.171864
0.49114063
0.42023975
0.35965627
0.00073984265
-0.36056477
-0.33511287
-0.501567
-0.17644262
0.07237896
0.5004501
0.24171755
0.42651397
0.74758106
1.2494236
0.95688725
1.2033978
1.2979294
-0.27949357
0.5042846
0.47206935
0.6157759
0.27155513
0.11456996
0.47977468
0.23882064
-0.28262872
-0.43204945
0.08696595
-2.555904
-1.761138
-0.34606004
-0.24315566
0.13094637
0.34246588
0.5884729
-0.84759676
-2.4258192
-1.0266536
-1.62744
-1.577384
-0.38842344
0.3728373
0.65713435
0.3016323
0.20041955
-0.53906846
-0.10899758
0.27843812
0.16646904
0.1732845
0.53649795
0.7488445
0.40593588
-0.36505985
0.28750175
-1.2270546
0.08945906
0.3017883
-0.11563438
-0.4637373
0.39271763
0.50383604
0.30854475
-0.6659578
-1.2052994
0.45893025
0.87860245
-0.25480026
-0.40935892
0.16174728
0.5486202
0.7193932
0.46417058
-0.5540322
-0.39491606
-0.14590144
-0.2969004
-1.5328484
-0.3830065
-0.44328958
0.23236898
0.12650394
-0.32609624
-0.9429089
-0.3039224
0.4622803
0.5699214
0.53058964
0.8525752
1.0403683
-0.27503824
0.34855682
-0.35039443
0.19932404
-0.37250537
0.78670895
0.5666642
-0.44620615
0.24791875
0.16706508
0.015979648
0.33240837
-0.27470565
0.81420314
1.0222247
0.12415439
-0.5385057
-0.90180993
-0.8287122
-0.60093
-0.65027595
-0.032217264
0.052327156
0.20965922
0.14049098
-0.0005438924
-0.4434542
0.31419927
0.22077903
-0.22714508
0.25384468
-0.02392304
0.589507
0.08347571
0.64798427
-0.28262836
-0.5662873
0.047280222
0.07955417
0.1211929
-0.21668226
-0.32986456
-0.12774128
0.33983812
0.2712463
0.6511276
0.6476929
0.30120704
0.72164977
0.73532933
1.0571818
0.72258127
0.7276417
-0.8537452
0.028763413
-0.83513963
-0.23473257
0.21591929
0.40171477
-0.06970763
-0.4044351
-1.744638
-0.42668253
0.041164786
-0.046305
0.19338879
0.4212362
-0.2559288
-0.26020432
-0.084914446
0.29524913
-0.1296702
0.40665498
0.22154132
1.0938382
1.0099428
1.0343673
1.0049558
-0.11321002
-0.34956568
-0.35399878
-0.0952912
-0.15958107
0.47973838
0.67539775
0.95427084
1.2745796
1.203494
1.17267
0.64425683
1.0917933
0.91710114
0.8852098
0.52811253
0.47337177
0.32093045
0.4550681
0.67159903
-0.54698026
-0.1343053
0.21391198
-0.287125
-0.32746345
-0.49126118
-0.1017912
-0.57046807
-0.10709989
-0.014512539
0.2025105
0.265678
-0.19240355
-0.12763679
0.12757516
-0.32874334
-1.47127
-1.6292081
-1.0098153
-0.690925
-0.35651284
-0.1742841
-0.33174533
-0.2219739
-0.33651525
-0.31989944
-0.07899994
0.13712329
0.4603481
-0.020266414
0.05335772
0.057843953
-0.2597834
-0.25125897
-0.6088046
0.2556353
0.5077889
0.5573635
0.6221489
0.6811405
0.38203368
0.462048
0.5022979
0.6916393
0.88181114
0.48803422
0.59429395
0.57809305
0.34490687
-0.2475223
-0.28019607
-0.09318066
-0.45822597
-0.19141644
-0.13634151
-1.6466596
-1.1028211
-2.0701632
-1.8474114
-1.890517
-1.9852376
-1.8994179
-0.56484675
0.09698367
0.22639042
0.31800577
0.20000377
0.3111245
0.48036253
0.6118368
0.38243967
0.18279123
0.1765106
0.06245795
0.2372649
-0.30312264
-0.2207905
0.23661584
0.28376138
0.1843425
-0.6369307
-0.16361088
-0.02210313
0.41356692
0.4228251
0.37190995
0.5546479
0.4736309
0.28764686
0.48402277
0.47827512
0.18341857
0.18074757
0.5128313
-0.46728295
0.09853831
-0.19812888
0.08511543
-0.7255757
-0.2360841
-0.18404555
-0.7756946
-0.25599313
-1.1091702
-1.8632941
-1.1365865
-1.6227069
-1.1940825
-1.058204
-2.3795352
-2.43317
-2.372223
-2.8892992
-1.8529813
-0.74722886
0.17652684
-1.0223914
-0.49233675
-1.3940071
-2.11382
-0.717381
-1.9139714
-1.4539769
-0.80112183
0.012060434
-0.27430093
-0.679523
-0.81821823
-1.5837624
-1.6718712
-1.3706229
-0.7898853
-0.92135966
-0.30382407
-0.09771341
-0.048635066
-0.2757976
0.15052256
0.42199042
0.47198617
-0.023605764
0.024651289
-0.1720503
-0.17174804
0.016422838
-0.013837516
-1.7167118
-1.9148402
-1.131326
-0.27666575
-0.35262805
-0.19891989
0.18578175
0.24359632
0.31751668
0.48423448
0.2623735
-0.8580086
-1.432409
-0.43726295
-0.14581728
-0.93821216
-1.0336783
-1.147807
-1.8830922
-2.0789893
-1.3560048
-1.2652535
-1.1637793
-0.95165014
-0.5953293
-0.16138297
0.2078822
-0.42476416
-0.6227076
-1.1510994
-0.82073927
-1.0698259
0.014297396
-0.18041533
-0.81545913
-0.009898901
-1.1077033
-0.34056365
0.30205864
-0.981331
-0.8435546
-0.6742927
-0.28043622
-0.82747185
-1.7457108
-1.0097479
-0.58276117
-0.9510294
-0.9440994
-0.44029492
-1.6025677
-1.9362159
-2.5494452
-0.67933
-0.052134812
0.44270942
0.5806322
-0.07532191
-1.082567
-2.3255088
-2.3878326
-2.8391714
-1.3022271
-1.4129847
-1.1896703
-1.3408277
-0.9342134
-1.7423704
-1.0721768
-1.9375331
-1.3559436
-0.2728951
0.33428353
-0.041158974
-0.18132973
0.15255558
-0.7146828
-0.25720024
-0.07677412
-0.36118484
-0.92721534
-1.2400572
-2.5780632
-2.3970826
-2.462134
-2.3502336
-1.9087465
-1.0508316
-0.8600503
-0.4037544
-0.9918065
-0.65860677
-0.12995058
0.0016846657
-1.2088419
-1.5585246
-1.9853935
-2.3379986
-1.0991279
-1.3861462
-2.3034544
-1.7225981
-2.2983906
-2.2735605
-2.341901
-1.8308396
-1.4710099
-1.7504263
-2.3811438
-1.9940813
-1.4359951
-0.88226986
-0.6022074
-0.94021535
-1.847657
-0.37716264
-0.23564088
-0.1934346
-0.08484322
-0.236606
0.30929697
0.48821926
0.0039190054
0.28273666
0.76056516
0.5718262
0.85455775
1.0054424
0.96619856
0.64644253
0.77914584
-0.14278644
0.22973755
-0.27896363
0.30757296
-0.057043076
0.055312365
0.4851599
0.8602253
0.65246946
0.27529442
0.18917978
-0.77522933
-0.33159322
0.452379
0.040810585
0.27271092
-0.060132325
0.3002594
0.6538793
0.6317366
0.6058459
0.6686802
0.6027377
0.6475403
0.31801188
0.7279793
0.71611977
0.6411704
-0.67036307
-1.2086518
-1.8200529
-0.5074525
-0.99243593
-0.53370655
0.395156
0.5103897
0.22804645
0.4175633
0.13550302
0.9462242
0.74644357
0.47831362
0.9442953
0.5985715
0.6320307
0.5473125
1.1445417
0.8796483
0.42296758
0.5815551
-0.48384768
0.0906176
0.542552
0.6643486
0.4045086
0.5592535
0.38704646
0.37882212
0.38782
0.56096953
0.49876702
0.71961814
1.0058165
-0.19532537
0.63110197
-1.1829947
-0.37120724
0.32916752
0.78403443
0.5646483
1.0026431
0.88640416
0.16267839
0.45370156
0.95185983
1.040268
0.7261366
-0.02687931
-0.7866709
-1.8233852
-2.2120042
-0.6031531
0.38452595
0.614453
-0.9552374
-2.1712463
-1.7154777
-0.4550742
-0.4012128
-0.5339563
-0.3138975
-0.5796044
-0.10945535
0.46521062
0.18160695
0.46591336
0.5353168
0.50751126
0.6298876
0.46841368
0.5765342
0.8067241
0.98938805
0.7475677
1.0386665
1.0616754
1.0687432
0.0009796619
-0.019286096
0.10574338
-1.1964983
-1.9100108
-2.6254182
-2.776809
-0.9458647
0.3687451
0.6308802
0.7111078
0.72493327
0.7659006
0.7413856
0.67860746
0.6181316
0.79130995
0.5894889
0.18522105
-0.20571572
-1.2100247
-1.8065288
-1.984514
-2.0670378
-1.1114867
-0.9315406
-0.7784426
-1.7843976
-0.98742056
-0.10285312
0.19706583
0.6659768
0.44203365
0.16397977
0.25878775
0.07520902
-0.26742214
0.07362035
0.49090874
0.54964393
0.59924334
0.09392151
-0.5024682
0.5386447
0.73527324
1.0664971
1.2968023
1.2334387
1.2447624
1.2753019
1.2907605
1.27314
1.3215138
1.3665409
1.25949
1.5209676
1.2756641
1.3499687
1.4309554
1.559393
1.37567
1.3805853
1.3896958
1.4383535
1.1566567
1.6122884
1.3958218
1.208358
1.3073957
1.4078262
1.4468999
1.4477558
1.5157424
1.3454819
1.6155915
1.1381446
0.91132903
-0.16246194
-1.8483241
-2.295963
-2.0601678
-2.5555634
0.28716853
0.5195805
0.5894663
0.3677999
0.7313983
0.74687433
0.6959543
0.7423465
0.059262305
0.044089228
-0.12884331
0.0055453777
0.3587054
-0.41544253
-0.5657581
-0.00070261955
0.75474536
0.9107069
0.3076051
0.53315866
0.5781237
0.918064
0.85324335
0.91287434
1.3542035
0.61326885
1.0703428
1.3185213
1.2817028
1.0753661
0.7322769
0.76254696
0.939577
0.9125887
1.0277196
0.8883779
1.0696871
1.1373457
1.2266566
1.1205952
0.43168524
0.78359014
0.93149436
-1.6090274
-1.4642022
-1.0553801
-0.38016605
-0.92053974
0.040360212
0.28810567
0.15370134
0.70603085
0.83766276
0.8869141
1.1901114
1.2871491
0.9134654
0.64698917
0.4882476
-0.7481673
-1.6829405
-2.4163125
-1.9551921
0.15888464
-2.076963
-1.9808402
-0.5869101
-0.6920904
-1.6889565
-2.6433768
-1.7652194
-0.99215984
-0.62674165
0.2066409
0.10879785
-0.13640583
-0.61784387
-0.69471323
-0.022509038
0.678897
0.86758256
0.8698659
0.8780642
0.9224658
0.9400505
0.9812391
0.25951535
0.44556335
-0.1998797
0.19838557
0.44896728
0.31427738
0.5254422
1.0512948
0.88527656
0.2675228
0.8995329
0.77472365
0.67448306
0.24429256
0.30049887
0.092838764
0.21582359
0.2444449
-1.0315568
-1.0633162
-1.8053815
-2.328692
-1.1034924
-0.77560496
-0.7574209
-2.2427611
-0.5888616
-1.097473
-2.1627924
-0.30022484
-0.13653898
-0.29984516
-0.15192813
-0.90024245
-0.8828455
0.09213212
-1.0292149
-1.2709699
-1.9395862
-1.289429
-1.6916327
-0.36618352
-2.307839
-0.79175746
-1.8843226
-1.6053681
-0.058413804
0.77862585
0.98436606
0.9992039
0.96120703
0.7703375
-0.3307783
-1.0135919
-0.6336125
0.3340252
0.6859248
0.73412967
-1.3529996
-0.36486316
0.5610783
0.6645763
1.0740647
0.89179224
0.93880594
1.0270768
0.89209545
1.0542772
0.90894306
0.72170365
0.7229346
0.80612564
-0.64972174
-0.32547158
0.34819448
0.95989215
0.2363883
-0.6556394
-2.583201
-0.79191816
0.14057416
-0.7473434
0.77908295
0.91563386
0.6406188
-0.06977749
-0.068237305
-0.13463092
-0.64730227
0.07385698
0.6551361
0.7301668
0.62371826
0.67154276
0.68475866
0.841422
0.4728695
-0.8874799
-0.20117813
-1.3630679
-2.233406
-2.4656374
-0.67120695
-2.1214314
-0.36002964
0.61500275
0.788179
0.84642017
0.47775373
0.61473715
-0.30219918
0.61903363
0.67681354
0.26260668
-1.2696496
-0.48096418
0.2410743
-0.12611312
-2.5716577
-0.66011
-1.5153272
-0.3459195
0.5582964
1.0637581
0.9418645
0.77568936
-1.3730848
-0.3915829
0.63419926
0.004150331
-2.1022835
-0.23971272
-0.40499628
-1.1431966
0.20379156
0.20705307
-1.9665427
-1.6240687
-2.4178493
-2.393901
-0.782459
-0.92163277
-0.4581535
-0.40291095
-0.53924274
-0.39144486
-0.45160455
0.036797494
-0.56078565
0.12846693
0.12696591
0.55608505
0.5797252
0.16203001
-0.51292884
0.013664186
-0.5515952
-1.479267
-0.18034005
-0.5156956
-0.6077727
-0.13174295
-0.83125484
-0.38869566
0.024984837
0.70150423
0.7947186
0.785236
0.75971216
0.906652
0.17019129
-0.019085646
-0.04343617
-0.49163377
-0.29984462
0.06639126
0.16107741
0.0999884
-0.33608395
-0.2651847
-1.9917016
-2.6266694
-2.5108244
-2.6083808
-2.4600554