0.26869703924400296
0.26602323637299957
-0.06111646330376008
0.08241987073045198
0.25221553235549693
0.18703125172644897
-0.13381140462589894
0.23114735771379108
-0.07034242503718874
0.2856479825018779
-0.5793049721476977
-0.5568529800400268
-0.336558929725138
0.08638865119828382
-0.0947864290086996
0.02889327154532806
0.2580442752763728
0.3919720973931096
0.37980533151392887
0.7176373075349045
0.6727895943327751
0.7215034579995325
0.9056803714759958
0.9838570942039953
0.9312149174806699
0.8143588216001774
1.0123027838933154
0.5643217810823511
0.43657895590500945
0.3131996077506792
0.35427767416648087
0.6826618540992409
0.5004142452315126
0.5385415109098997
0.565070387179861
0.3239357228852902
0.6334302685790827
0.4892506566690695
0.5005081978070387
0.5345660863559183
0.6925501929065268
0.9372605297547874
0.6690946117448877
0.41930473115717365
0.4015499931971028
0.1521672986746191
0.4951135559244599
0.7420687360617322
0.6854533460734684
0.538477211217401
0.3938416275175423
0.3484764452487776
0.013445400063108848
0.3743734215026692
0.19959377477023038
0.36147839453754355
0.4438618873579359
0.1468348114646087
0.8180958293533216
0.5903045098494841
0.6987922038757199
0.13195924642037876
0.11309771703192395
0.12608358476313136
0.36918664839659093
-0.014139793308299509
0.16770189202777197
-0.32777158607292944
-0.6249193612708122
-0.3143149485232348
0.10120317667048517
-0.37296982286697294
-0.0492505857359585
-0.002363248123438022
0.5327202053053968
-0.13824195872749506
0.21931527513374133
0.6249854002536737
0.8134067956447644
0.7245766283183555
0.6954492900346667
0.897812770802537
0.9705201949037976
0.6427432256532557
0.8908900277526033
1.030750973545791
1.17322187515206
1.0654463729507908
1.0862291546481244
1.1246915043284127
1.2730439169146213
1.0804557880273187
0.8631935469398822
0.8295919021185765
0.260496632603373
0.3862382667499727
0.5782738747450056
0.8065438230022832
0.8261037307180483
0.7032686067298437
0.733357243891192
0.6713328299687613
0.8094552487289886
0.6549855261642106
0.8074130839564682
1.0774555330650064
1.2417034261297721
1.098903716547895
1.093412783729275
0.9261580182697582
0.922408506254748
0.8476213610839116
0.9140799047600252
-0.025137394424533166
-0.33797637941375247
-0.3505271743557153
-0.36444543419204345
-0.21451477621983775
-0.10533934836313374
0.03639859188496802
0.21870208719372125
-0.1371689645554504
-0.29735099711965457
0.18466880736311891
-0.030609531471016915
0.10452619866920015
0.36446339003095646
0.5944685114778181
0.7831581085986445
0.45343931525289954
0.9697850321116965
1.282047898880245
1.2206831960204494
1.122284069381587
1.215236890099834
1.242383101457587
0.8292561378510059
0.7876070819704837
1.01847924528398
0.5943463647917524
0.8377506261010021
-0.9714897774640312
-1.401453159221258
0.10192430326326929
0.6276530426470912
-1.236920629154134
0.42794641370697056
0.11917039058802298
0.5648437931886718
-2.0773309413150347
-2.7273631807790197
-1.5173965125676294
-0.9667301670801631
-1.8705928028943677
-1.783521210848686
-2.4778987892657156
-2.2503527283115257
-2.172926032177684
-1.995061514962945
-2.264165298707477
-4.185671262806338
-2.2725580341208627
-0.6194399376115223
-0.1548375440496022
-0.27839247561986913
0.08563297345154791
0.5454708962611274
0.4616700162384753
0.702422127446447
0.7599578646847529
0.9077224640423556
0.8371310428075835
0.3491697985349323
1.0057384737156692
0.969432900636755
0.9154828645287822
1.0611638183961734
1.177376798129155
0.6571919684445777
1.0363928992921672
0.6542320236469248
1.1464388024665517
1.040854688113047
0.08427837248152886
0.6130736325014656
0.672561264848544
0.8275241642812403
0.13155888352580208
0.48506894484201507
0.4082909958099165
0.562902937031601
0.857639813137907
0.7113975954160796
0.37173144927436536
0.5593067065354023
0.12637228365489883
0.06328179676832474
0.13857960028695943
-1.0898122174398592
-0.18221730389685975
-0.36766451891787083
-0.1068041544945112
0.21540204408005953
-0.3019563267863717
-0.6124003240425749
0.07119393449187306
-0.15849317105337324
-0.2831822422037537
-0.5595962703829456
-1.137487665110527
-2.7005216508009604
-1.5137671131932793
-0.48902549631117104
0.046819746834037224
-0.25701594956769935
0.18399812913480373
0.3553314125167673
0.23651043294820268
0.34511344656163595
0.272248264059534
0.5615778951493924
0.713755166520406
-0.3746651945507746
-2.1421699726597385
-0.8805481477658643
0.17796638856233465
-0.0013783013048418447
0.6652194024857123
0.4853335068483468
-0.021383115036413436
-0.22205694946416865
-0.9941045377732098
-2.039586908897611
-1.9898173941372543
-1.3976215181345741
-0.8249028308044168
-0.6170605367065245
-0.36268726317278366
-0.2935339926216674
-0.04699049280546552
0.1938405260267238
0.3843384801309933
-0.7279507607047835
-1.9260776441788408
-2.1972480734856594
-1.6258146705026089
-1.024338370788043
-0.4474587178608789
-0.7947219651620663
-0.2821832252357861
0.17023940490667333
0.4526073634199897
-0.024571135609065597
0.22360480083612227
-0.997438274958474
-0.280421387250339
0.23313189509415438
0.3574947743476438
-0.5035288743122714
-0.0766372676920094
0.08539798153515649
0.23296351938719656
0.7633613911321537
0.2688837040641849
0.10211436854926259
0.8610775053868598
1.033220226009667
0.5102727565097227
0.391713291279796
-0.3179362165556051
0.3674224561971648
-0.4634107295664636
-0.03099447329643551
-0.19347170618657894
-0.36448065944856334
-0.6816395932492583
-0.06445973390629456
-0.725255457572203
-0.8176643223504108
-1.086528912132005
-0.5098705902529673
-0.958570781838199
-0.7928146692805196
-0.9839691098877599
-0.608996766237272
-1.123605874391293
-0.3970184231852812
-0.09469730175438137
-0.06870975833184897
-1.4580724398744542
-0.34193015525186843
-0.6943564276551364
0.22247536349726188
0.43218767944809383
-0.12937636419207488
0.1840152745587178
0.0977258372407972
0.5702371464617948
0.6605151533391553
0.7353072861899943
0.38917647979325903
0.5763262526737642
0.04202238043644274
-0.67337158283849
-1.5124703138648918
-2.3576760165443726
-1.3462499963489676
-2.4268442078492742
-0.10045734937243642
-2.3748213873726804
-1.5640949531822865
-0.35677873863174
-0.5269615984723821
-0.20252423041557044
0.23641948174701882
0.11447798834432515
0.5028465733101566
0.5539694798648265
0.4741553615150274
0.30835946827825295
0.23501433700080626
0.40737362859801035
0.6401241138868776
0.8444247701010346
1.2590969553200493
0.24056983831356155
-2.1117878763796645
-0.4781395118012764
-0.14868560624261717
-2.6662625341058734
-0.43649402403827703
0.13002300427424057
0.31085794118587057
0.2376994454724019
-0.205827781195339
-0.32191414765389076
0.06760417989270623
0.23541781628556963
0.2907505387598979
0.23778282816510282
0.024892509932370688
-0.19823896956161743
0.5011404723432926
0.6335977269340625
0.31008475562802323
0.6040079072427544
0.6736367339587059
0.47207979425572694
0.28314852034286914
0.1844223193002879
0.2597103879464944
0.06285338840469962
0.24890790582117545
0.5845503300122759
-0.5138779369619458
-0.5041142434841042
-0.08919404180999926
-0.6470378885178074
-0.32851752657631017
0.6709010917981608
0.8166196043357652
-0.4601849291142517
0.09168452009661504
0.467752631978365
0.24921984913888467
0.700410396865933
0.5145966933425363
0.3344439779296278
-0.10422376470129563
0.7292707299327512
1.6897064440553016
0.24485444850187515
0.4792536065327337
0.7203068765521727
0.7949084539565479
0.9359982301740151
0.6398604100628784
0.9141139090058379
0.7729236746312866
0.09998532016987738
-0.2796287917835682
0.16179048120142941
0.47143190124462236
0.5841571264653329
0.633153896785321
0.05896516133722257
0.4624211737140497
0.929808820771671
0.48340547006141127
0.6307615713898826
0.6075636538545863
0.34019791026650953
0.4945732846635927
0.35485782073277355
0.5755022779399892
-0.31229614097181985
0.23059829913469504
0.5912724905130373
0.5904593451276152
0.4827926462835089
-0.029891166903163124
-0.7955211098422619
-0.33705148740157276
0.1128391907776623
0.600645516526197
-0.3017010647626786
0.004486889265729321
-0.05696101075345003
-0.4070507842093028
-1.7370517421056901
-1.721223027799559
-0.5746719718159652
-0.22848306823247394
0.2854470970042679
0.06582671276646612
-0.6127549130757293
-0.5867283947437276
-0.12314636227105757
-0.19273828487532868
-1.6720409203822526
-0.4878901017199524
0.07416975654676017
-0.06109737139439947
-1.2052932703379575
-1.35186809128855
-1.282286783609636
-1.1405490587411868
-0.6685687321840792
-1.1154512800998018
-2.026721743773859
-2.267724065260593
-2.2927881378891213
-1.9743640604247854
-0.8041441270116361
-0.48159276284899594
-0.14358799880899747
-0.4568304189671274
-0.45347534874839757
-1.105182204733901
-0.671487156516283
-0.03303756502535454
-0.7903825595605399
-0.7023886329597124
-0.45382752025340656
-0.07500667079474022
0.3288689105346098
0.024916884358307412
-0.6646762116875791
-0.39083894633675786
0.03902496103250375
0.38103889118907236
0.2648444495029995
0.3401934671301387
0.3549336802030783
0.3887641943272451
0.3375923744070683
0.24117448059633312
0.5336842585387134
0.5585370155351048
0.27508059113824596
-1.0061540411077938
-1.7973428805839045
-1.3745648572183007
-1.3556032733678935
-1.7431078456986326
-1.3352172386248768
-0.34378283945597665
-1.0430862344961072
-0.7477051627300461
-0.7667852887702953
-0.6486642945688261
-2.373122933682108
-1.3871329323985289
-0.7308117366227767
-0.3396659679843741
-0.3873205733723717
-1.4402088204046324
-1.6975869514620154
-1.2623338326323417
-1.9619950193079934
-2.2541645500614966
-1.4422680004520827
-2.5843898342047344
-3.2438411939307064
-1.3916170182227043
0.03564601329831035
0.0819386833129353
-0.18414907527186916
-0.3617485233513934
0.11284486849411274
-0.22109502140293863
-0.13971977666844693
0.3723748315031818
0.48338476560903215
0.5309947303448066
0.641188479295131
0.47339362556654013
0.6671040423513512
0.4625848683460377
0.3759636975645893
0.35617204146251086
-0.10397850212366705
-1.552637317024224
-1.1834927298422233
-0.7219013632968161
-0.30206093160230196
-0.3012635102117034
-1.3824537053543537
-1.0581693855375693
0.17843473355078993
-0.43020500057234456
0.31874629747655087
0.5803795962207656
-0.4157520584169835
0.5348146337032402
0.5402310574766047
0.8768002579025862
1.0715540151073462
0.809547335924361
0.8117682863135016
0.6359273449252438
0.7251372458087926
0.4040026405285276
-0.169921997161657
-1.6837453449926434
-1.0683705627064166
0.0660662939393103
0.5464000149868498
-1.2595131932560626
-0.9342687236600142
-0.49081005178418324
0.019440609246429874
0.2732205176709655
0.3039895799938123
-1.5311466683165909
-2.4944097784988823
-0.513660209082611
-1.6854760596699296
-1.0611517736838554
-1.8757100665360198
-3.229889635656901
-1.1299130520483094
-0.6704179617690122
-1.1796964476730296
-0.2122846284125394
0.37310770019391676
0.3302259941572436
-0.06374250843444723
0.3966223730885266
0.27436368599810307
-1.2070931848833173
-0.3556289022774658
-0.13395179716116312
-0.213744541638488
-0.6073871581025818
-2.073811565423805
-3.3490209947747513
-2.2546197690463727
-1.7820000507737688
-1.0316508125031072
-0.5076303834468441
-0.5681930114810554
-2.141425809603932
-1.4752447913171909
-0.4023495873456657
-0.14306911125912275
0.09683596646561049
0.43427816190619556
-0.24381926460919878
-1.061209853407675
-1.1942436779747159
0.07262912537271832
0.4942731714242858
0.2073168632135574
0.3723616586932454
0.11173596065938779
0.3510007736483332
0.006225519920881384
0.016363425522529396
-0.2066362355173774
-0.36973376478046577
-1.596309511574637
-2.4225764958297358
-4.103513342542945
-2.71703834853418
-1.364839517031048
-1.2356550187553752
-2.2098545508519813
-2.62251407602487
-1.3334331358476097
-2.006767825404647
-3.118094865927676
-2.0793700866115152
-2.3940376800506384
-2.0660676113617997
-0.27417022737603025
-0.894979832646227
-0.7583086368040856
-0.5087869407588765
-1.0737257205002344
0.07245705368291117
-0.18018518891702115
0.23272021181528096
0.6611746664082387
0.595638237558964
-0.06329582935835859
-0.5874232854979504
-1.325879616312813
-0.7032861769658418
-0.22138622570018593
-0.0009101639883705714
-0.17091223097326624
-0.5825713906525826
-1.3277728201283479
-2.6940346877674735
-1.417944264940127
-1.48415372566782
-1.3852014483185253
-0.9976892522382153
-1.393054556441595
-2.4859223114264903
-3.5288331078723685
-1.5120414275197978
-1.0690962930986112
-0.7920595835445056
-1.8623938782198992
-1.408809222976406
-2.1460861981474735
-2.074565643382795
-2.2583560449425533
-1.19417461900491
-1.271606848111331
-1.7955711499337217
-1.7135098729662777
-2.2552240161000534
-0.8804454335865874
-0.2683735745215283
0.14763785583130323
0.1260266227304387
0.10469220976323346
0.06633529054864473
0.2297601371854427
-0.09559703523683805
0.055861641101145054
-0.7494911620587732
-2.6336588595871095
-1.9889373830007977
-0.973901756790891
-1.398853656204928
-0.8793790652368738
-0.9455403371224347
-0.2728376131500064
-1.1317057860032294
-0.8765950836103413
-1.2236889227663001
-1.9107995388968813
-2.8223465792964992
-2.7486050066301444
-2.1982760554979115
-0.9998888072663887
-0.6464756347652032
-0.1684587263574869
-0.20208658275950553
-0.1589405719407587
0.0018498108180250994
-0.5913707128458972
-0.17418766793050913
-0.15895357681598976
0.2904495391859902
-0.03428941688653658
0.4426731896992859
-0.2326334048630635
0.2601137496689621
0.29007360952727307
-0.23186487752224158
0.07074007844709312
0.15725062952815244
0.266597400948223
-0.577043227511598
-0.29131435337431955
0.08118429569363633
0.2134709909458818
0.37958489888602026
0.39062689907866627
0.008792301239775091
-0.35992688813247653
-0.6773581504495021
-0.5604235333085041
-0.3484619128104055
-0.30312425156423783
0.251055282550479
0.34732854733940505
-0.2956844953260386
-0.30490506977417864
-1.9196417764420683
-0.25453999941811706
-0.49999646725300323
0.21188398670404557
0.11345066398694803
-0.0013064598368305314
-0.6546215009790664
-0.7160350183653836
-0.9316881298748327
-0.3635510224291813
-0.5147278103652992
-0.3039069503877021
0.02678067874447687
0.2591943549214732
0.30227291829292374
0.140385528506147
0.22101118066284392
0.0990469860780559
0.11576544061721655
-0.07287324403975631
0.13624796063029065
0.1324941817724214
0.27397492984722277
-0.009833490922080523
-0.42484911938842596
0.04835748881800478
0.27528057564581326
-0.026523815819472885
-0.030476868398717938
-0.2104861515359741
0.18824829845248364
-0.350930849558992
-0.10323900584855264
0.13832383128016418
-0.015167019510865465
-0.8945558537761116
-0.5866936925487962
-0.43712299550671707
-0.15791301229179958
-0.17521550511154557
-0.009473478143972869
-0.22766295454401453
-0.23943495271935455
-0.2688688801971446
-0.6721375087221746
-0.8016749324845136
-0.5061784107724973
-1.2646688242620225
-0.2652105014658291
0.3786582061046448
0.4004952219382624
-0.2754312075083376
-0.6881017821704536
-1.5112434429984751
-0.5687702158939436
-0.2743685973538574
-0.19225782455977586
-0.30187800573360646
-0.006012766158298988
-0.49835930048995414
-1.8285892576334286
-1.8605698724889337
-0.6369502350314078
-0.02948434033598024
-0.13357778845024648
0.29301261033058895
0.0402941160070841
-0.3220020621603803
-0.3746464582884875
-0.1946691326916528
-0.00934439485501748
-0.06546929354069722
-0.6560150785812644
-1.2311223860244815
-0.41629276009345356
-0.5146875480377581
-0.17149870086928
-0.17171382085484224
-0.5108010891821553
-0.26300466684738677
-0.27714138044337694
-2.1335812898754494
-2.45839008515321
-1.7620423315016254
-0.25015341857523127
-0.1403781757415174
-0.5289646520546445
0.10087979617098192
0.217045576281869
0.2742033741394691
-0.016620804145999035
-0.4828305120837766
-0.7307261382143638
-0.4275266140279032
-0.8926579046814522
-2.3624270292137646
-1.8192449274625428
-1.3797280451395681
-1.4873805168321876
-1.695239675410441
-2.9102966525531704
-2.0849531772180656
-2.372715952735177
-2.9204040823121296
-1.3415018547725035
-0.694833980891576
0.12035077784916087
0.024865571773484196
0.18117012437441932
0.1044608378364999
0.022388841475427468
-0.9092063469963552
-0.8195458458563698
-0.2920834383399117
-0.28191757010288876
-0.7624016740291628
-1.9657751720917478
-1.4247699296236622
-0.2431617096807594
-0.06695690575802038
0.4162846247064647
0.33516114323706075
0.09957720346466942
0.35518693037095167
0.5326580626734865
0.6617025426319161
0.597403661634655
0.27957134312701953
0.4716062557127371
0.5544965828291042
0.6595466099816676
0.0015946806511555889
0.268155697934992
0.28635320307723594
0.37533297450054764
0.30869213623518926
0.2106786847810424
0.008885977047917104
0.38719205326436673
0.3710707296461055
0.1383613034817927
0.5359914739258562
-0.09532715637695943
0.13528889996541166
0.06474783533500134
-0.13860135608400234
0.22026153289624634
0.5239996234097664
0.5325830221165053
0.04125502399073422
-0.4303582131765892
-0.34773219197161886
-0.8825705426187742
-2.0945099432717647
-3.2077751785604334
-1.419377937913601
-1.3217507342183035
-2.8328128993208717
-3.625400866503928
-1.122649189106485
-0.11886015326989369
-0.39989654752776704
-0.1735495845046477
0.13264286357442978
0.04585203704800139
0.09940535825793645
-0.9317634503887167
-0.8671116655673765
-0.40943440380715507
-0.22207348496034773
-0.3373491250672973
-0.23441362435311355
-0.8877749105614239
-0.23181855244769348
-0.1123945766389669
-0.8579700606242449
-2.0787368919809244
-1.0956386116406478
0.10545846555396671
-0.07120381496136707
-0.00505106873350758
0.18234622705807074
0.49353594864891054
-0.22721368273914005
-1.288214281657928
-0.8011306412859531
-0.26478106465974044
-1.2209994615042967
-0.3973286803060699
0.007524982352374809
-0.23683159291100808
0.13571701936549974
-0.014625878438270346
-0.0007804329319932579
0.18623856095775904
0.14117677950765967
0.08571032987490351
-0.17197845643565823
0.18279254719762655
-0.25471241128394595
-0.06793475808293914
-0.21896526230256233
-0.06918133196954807
-0.011451358009749613
-1.361471461286717
-2.4841179529328676
-2.855035998572597
-1.174811307085541
-1.7414714989010167
-0.46405264476731417
-0.5190554699440457
-0.014347855352935979
-0.15827886819775133
-0.026231558863663962
-0.3329416590402622
-0.12042539024871751
-0.18536966898721352
-0.0875577553635779
-0.9826168601194243
-0.5740454890218962
-0.6087720471744045
-1.2808118319356783
-2.70234547984224
-1.2907810964798567
-0.5166876858407717
-0.952248455493161
-0.7571998860884217
-2.132453539550028
-2.5093073077305954
-1.7568401430698692
-0.5582736407013527
-0.6528431391196532
-0.3081928432478268
-0.7651453127158163
-0.7842185814267113
-0.49782710267975766
-0.29515770352513704
0.012501461743722853
0.03713273899720099
-1.2661905934011408
-0.6373544191686069
-0.03733979479670352
-0.013533900502153584
0.11781457499336473
-0.36841870008097993
-0.7653226368516914
-1.033078655063917
-1.183181546650379
-1.0410762860504053
-0.7423552897311536
-0.49999333540351404
-0.7450320885111321
-0.3891105338795496
-0.3584293446051628
0.19049207701438642
0.5496627600212309
0.39808038087596526
0.5209580409881731
0.43004776903012226
0.5935337910147926
0.3978178088703846
-0.14258229131957434
-0.2641121538256578
-0.2618190109366727
-0.887271024688304
-0.18040612387009947
-0.29485781307209347
-0.15445816458685857
0.26222951786059007
0.16430625247939518
-1.1194047278894652
-1.947422590955942
-0.28576569901397825
-1.2878235355051684
-1.4745259063094505
-0.7316502679841634
-1.2314620024525762
-1.0407426395505952
-0.3649146040557891
-0.3283532927692952
-0.5503620490136847
-1.0141227075773378
-1.426832084735788
-0.9639275779941441
-2.0506665672761555
-3.0112950544259296
-1.9583834263586435
-0.38239131150292927
0.009964729962934293
-0.1680765460213664
-0.024985219707488848
0.13456123755324456
0.3392684046439169
0.2314846396367493
-0.20044589692454223
-1.4264075788264623
-0.36451297088104107
-0.006811436518121938
-0.06324682546436844
-0.21541777632672793
-0.9468511790902383
-0.47912140572362005
-0.47911533879937285
0.0031072406807488018
0.1956374963833447
-0.04283247136166485
0.28803567280758563
0.12781755200098782
0.0967246619009175
-0.3316275721944195
-0.9488568429246245
-0.7307983848364588
-0.9177930541953812
-0.11169355475739898
-0.05275990329790964
0.3350444525138441
-0.1069038293076533
0.34131991065758954
0.5669190267435185
0.7077519874844949
0.5856976088280319
0.5601089921137989
0.9153046825347602
-0.5201468868779302
0.47291155935001056
0.39089113976839845
0.47208651794008333
0.19937911087172389
-0.04953645716787075
0.34324880467133206
0.0367465303805391
-0.18636228220243217
-0.43004171097164945
-0.06518229797973685
-2.3547228462076264
-1.6327191178860758
-0.343897093965123
-0.34922241122535747
-0.017836890204833367
0.21920430142059139
0.4572206206624994
-0.6530565425340158
-2.7077123294032157
-1.2413395021803022
-1.6869549938983144
-1.8972821975395004
-0.7383644662634188
0.07753191675118071
0.36671583212830056
0.3201662583452694
0.14003553728933366
-0.608939925382177
-0.19862263328889307
0.06822178427096509
0.012220813790045526
0.17535650050162988
0.3633188829895901
0.549263264438764
0.31048034379946504
-0.29531712877124444
0.12318695247877476
-0.887619174459388
-0.1282045431977976
0.15381117267944228
-0.15469609813902602
-0.8360446118872533
0.1080268434538812
0.2636295684143178
0.061583978031845954
-0.685202479575115
-1.174280456532067
0.17905143338419377
0.7191118368489438
-0.18691181989531264
-0.5652920719121461
0.15121700184433562
0.4495693156430431
0.5742947439684971
0.41347879857899944
-0.4629164345129715
-0.19299048856324888
-0.0780460969142883
-0.046181866668962124
-1.6404433180508384
-0.32367199942047836
-0.3396098521126702
0.1603650839509022
-0.06124027366104437
-0.4392204834878592
-1.4174746958077578
-0.22817228349789148
0.47129142598720647
0.5376995359263375
0.4648439650584231
0.6441011559261882
1.0809269934052146
-0.03297113999249113
0.29869880543931054
-0.3794784921114281
0.247326664666432
-0.1917269264449315
0.8347592641870814
0.5311196918395074
-0.4962880570298473
0.03711899254435491
0.11633392106475848
-0.02646659117949085
0.21238043917834631
-0.29278922935923024
0.6804493594362031
0.9009677490864814
-0.036493496822495974
-0.6444117298239128
-0.9699178731117095
-1.2325760635044722
-0.7934636190273241
-0.7953076213732537
-0.29750799040988474
-0.1204802518576705
0.06553905491415984
-0.035703314007336895
0.05727288048232726
-0.5831371728965533
0.15959248863093856
-0.02547531097373751
-0.33532539688799945
0.19123097635991737
-0.1849305006457761
0.4172059762118146
0.0006815494978597569
0.3407862942917094
-0.370068322056859
-0.6805618748699265
-0.12708422344000436
-0.08359899116427544
-0.07061047173299456
-0.410136576560242
-0.772773713584403
-0.4043994279550727
0.1162873501421533
0.2909037230377101
0.5805179937493277
0.4176560876694146
0.21593575304991514
0.4342521764811989
0.5430419371349162
0.8493329621600838
0.7740794949288743
0.6687151037654826
-0.712715571025528
0.02307810053956455
-0.5580051496276431
-0.24415088216556535
0.16088825794258582
0.3150869781161883
-0.22953346612414308
-0.9972061488775266
-1.7429296907318486
-0.9333921047949216
-0.18258785139441158
-0.25722303872740526
-0.11731385150207829
0.03907619765325554
-0.43660836695031746
-0.44709605942894437
-0.29475776673184784
-0.03272399776915019
0.023660288092661796
0.3126870030865488
0.16286444990727517
0.8103480038385715
0.9207511925508229
0.8283270069468138
0.9057870295179868
-0.10577685123755726
-0.3867894322105126
-0.29571682702565005
0.034210816688277745
-0.3156782945378807
0.12575669739182554
0.5700101510486171
0.8323246450322286
0.9543111154162762
0.9759827524484264
1.0274780028797341
0.5389636864033809
0.9295101746893069
0.9550416204780967
0.7753160849789491
0.6533229256137592
0.6521821634933274
0.38432327759721524
0.3987306423069162
0.5437297061746362
-0.16378422864649567
-0.13992732643067338
0.11119442025712167
-0.37634354042045937
-0.49275962127088524
-0.5409345657517992
-0.21302160066274287
-0.8886381210713423
-0.36075299628963525
-0.062184321137007253
0.18458003898108855
0.10975271355014143
-0.21732072016337012
-0.12030772399429335
0.012957768171857453
-0.31057372903858554
-1.1176508022489242
-1.417816903789974
-1.072317357069059
-0.7551053254536146
-0.4790609279259754
-0.3306119055240083
-0.4264340370235873
-0.711937298865974
-0.8095489377770195
-0.44674289827281477
-0.20461327114828945
-0.08512620652961886
0.17557773101426505
-0.1578080785201874
-0.05315805013982894
-0.019670186023114933
-0.4775028479512139
-0.3100885741906813
-0.4527782412210798
0.3821401234613206
0.48677096897069744
0.4797204673782189
0.47591724569564736
0.4197298716166222
0.14515136407970658
0.4693646357337132
0.39898131465500614
0.5315939338823725
0.6421834096612213
0.4150129231054636
0.3670451991342803
0.4508522918248719
0.3567209110502238
-0.27983599469927717
-0.2524238037269362
-0.09984686127571751
-0.3298883139440824
-0.16692194860444132
-0.184651399642849
-1.2359538860591672
-1.8028984287674634
-2.0213317561320983
-2.4914151292915685
-2.4052622093110183
-2.9782359332089277
-1.9101186440867588
-0.6730027776663445
0.030881302196168747
0.11481671981505032
0.3025768031146045
0.19979234214595853
0.33628381284727754
0.47327538698507826
0.578453499172829
0.5463452481871325
0.25926675014345474
0.30355018209254075
0.037344312738257224
0.3065210945795844
-0.13564791337308896
-0.1655810736387437
0.21123379718763796
0.1714169451534115
0.035194319521449524
-0.5273451944125891
-0.3719445560475184
-0.1734417312393464
0.31305829942024216
0.3040917488516391
0.37608728677059405
0.4505674945500964
0.35558230184650846
0.2759858093178574
0.47791471288855486
0.37766027533229946
0.1271579066044753
-5.454616126687488
-5.787143964516061
-4.388773466230836
-5.140785367945093
-4.911661812307168
-4.925652730745434
-4.125843710647311
-5.0158698629101695
-4.583478115781949
-4.038116849383986
-4.214620672771479
-4.292216419042231
-3.87216725667217
-4.269870164231545
-4.581916602101616
-5.620787018287752
-6.1568773329883415
-6.203887971494059
-6.469708473661722
-6.379405822286615
-6.616702038358958
-5.0062641931667144
-5.2882841137282375
-4.585876890491151
-4.041468717348033
-4.7318406741132275
-4.03042914560343
-4.732397549711766
-4.832025896513709
-3.969951515954843
-4.602356853257949
-5.220335559908645
-5.352598193691975
-5.082340477083794
-4.86191678688377
-5.007926489070922
-4.323131845132424
-4.076952822744051
-4.597194528028433
-4.100433142535324
-3.5503469378984645
-4.113402148107195
-4.633626823970636
-4.644969562579926
-4.865236766617883
-4.631932951923822
-4.326484082947675
-4.127245532696248
-3.8910491242001695
-3.6963137855462462
-3.7683047189405383
-4.26581732546862
-4.327746739650942
-4.093467814980644
-3.3879183209936246
-3.7041807285485033
-4.049034435430537
-4.38637677247014
-3.6220071172355213
-4.08189592092177
-4.288461844284002
-4.377358339630433
-4.677636116240883
-4.513656271832012
-4.162732221299152
-3.8351776310158425
-3.9433842906236154
-4.448833475976211
-4.040321928584894
-3.5959852356042425
-3.541994340285997
-3.477249583681616
-3.806436744262654
-3.90200541093782
-4.063446988866491
-3.85193482411441
-3.5154691593343497
-3.7254853629303852
-3.7645697776865896
-4.255462843111434
-4.446204639604755
-3.859443450712658
-3.6202729430925893
-3.5726964841492106
-4.002835014935487
-3.9957369060540775
-4.0280390968478335
-4.222787746447092
-3.6227315949023904
-4.332072564532309
-3.8433079703681106
-4.332300857114789
-4.4043540778294785
-3.4860498297354083
-3.820825462115029
-3.671642737275699
-3.802385451149886
-3.5127267321338547
-3.3026794913125896
-3.640271472412432
-3.4960371843997753
-4.4297349555160705
-4.357214538495403
-4.873488911193011
-5.630064917340246
-5.950927484063871
-5.342745036531398
-5.189023556438105
-4.801832998520322
-4.831895689141754
-4.4428025009483925
-3.8832096344828
-3.7794946695191225
-4.276878131225811
-6.4749950309456485
-6.428956733308571
-8.042585463878233
-8.348471678121456
-8.739096533903334
-7.098184932274842
-7.4343054260261585
-7.010991390342442
-6.880959821063513
-5.791970069899272
-6.383430575715576
-7.2978156312097
-7.454259886565777
-6.389962140986412
-7.119959587718906
-7.1010822473693835
-6.326796345417098
-6.892863881698033
-6.296718061411038
-6.014778873478801
-5.783037254674638
-5.872679739351066
-5.292669207224442
-6.295011794805382
-5.289784436816956
-4.967525085731098
-5.207107142716855
-6.431854369422522
-6.184200262685689
-6.597865290702454
-5.970108465788779
-6.295912631248208
-7.2017640780007
-5.873320397756337
-5.885851283530122
-5.829552146853027
-5.537828494398446
-5.869945494443862
-6.002410267743882
-5.495429780995479
-5.387449083007095
-5.402563090799384
-5.210197683651225
-4.786385968206115
-5.429841433050451
-5.3834752141578
-5.5921961127204
-5.087929144493531
-5.205847049302085
-4.972793358013717
-6.01225509204729
-5.972707011670133
-6.265764455487725
-5.370981560555797
-5.525899453991741
-6.3194582826948
-5.469528208354789
-5.664087358196394
-4.961863393018062
-5.66647059170645
-5.739527686822508
-5.92414635690665
-5.6083764141080765
-6.244056809773316
-6.061500696606952
-6.12139317083237
-6.225115150542154
-6.229631822822161
-5.923143836778106
-5.653213791765713
-5.381923445996025
-4.873022465355671
-4.8800033836673045
-4.574373499695932
-4.094777776313552
-4.5369625437861485
-4.666774645966236
-4.469542395498665
-4.969652905026899
-4.529560644560547
-4.314462642552188
-4.267016810259949
-3.9069988279869508
-4.1783367398114475
-4.456449200887137
-4.00060593941801
-3.9399122954485923
-3.8447927876841637
-3.9910017058391625
-3.9393502019677484
-4.083882073381287
-3.9556489204295717
-3.959340850765494
-3.819840001243653
-3.8093761399515498
-3.73025080851541
-3.662607058565725
-3.500323313384488
-3.518398617195243
-3.871626117651984
-3.402351820440878
-3.7713342987740663
-3.468077705928566
-3.1505096151381804
-3.9133844260849298
-3.406143180631199
-3.7572389391674115
-3.5123094428573065
-3.846969475724487
-3.5612021749025713
-3.762020457129984
-3.625332409502634
-3.7336564283750175
-3.380829733050805
-3.493717847615923
-3.344483222509648
-3.4433248137408965
-3.226699361922284
-3.1104129208864766
-3.299252728813015
-3.708175024703359
-3.27826211579804
-3.4787003174793965
-3.589289817407406
-3.50940963514039
-3.0255130348366297
-3.35545956991453
-3.5295906649841498
-3.61374721688221
-3.7276717370547154
-3.478621975723023
-3.701927948936152
-3.3541264557925525
-3.133840567293675
-3.467484870649145
-3.1001617524282667
-3.0629649748628185
-3.3250082555113125
-3.267565883722403
-3.6540436121179836
-3.4057710907153558
-3.462790338627718
-3.556530409201681
-3.2901549018206135
-3.4256338012700223
-3.426941350084793
-3.184633440574916
-2.8806793340412034
-3.5403322787880898
-3.140584623092665
-3.1987618449669752
-3.2197951609027147
-3.6295226189114214
-3.351845934539077
-3.258303896406361
-3.510637848262769
-3.5144409983963047
-8.642640782914619
-8.837206057037513
-8.505166333132216
-8.06676841422767
-8.461544104563927
-8.098395934462145
-8.530625551612841
-8.304459043681408
-8.101501874552884
-8.469818851425101
-8.325119603630455
-8.103521173721997
-7.913338472128806
-6.833409962586215
-4.296721495788717
-2.6194852363207515
-2.0712134962020836
-1.6653092706847181
-1.270462580953816
-1.021420569047855
-0.6472866924133558
-1.012920498932615
-1.2727751338153748
-0.8293415237042843
-1.7700861607720992
-2.184570541037229
-2.9529869739877657
-4.335444752090096
-3.438648048756581
-2.0996976244796874
-1.0251055750102154
-0.833961625487242
-0.4927078174253625
-0.3063206809250242
-0.2750071411359022
-0.2634507631689828
-0.12378691236909237
-0.1693380486459522
-0.058229673693361295
-0.12901490866656323
-0.46281092090424525
-1.179637255792503
-1.362948906913735
-2.0299556595064976
-2.073086538045103
-1.64904063974442
-1.288929989797105
-1.2110012762353108
-1.6664943220298383
-1.496361985676273
-0.9867338009183144
-0.2836277491134834
0.23900707728949372
0.25326863305097774
-0.18596022760322659
-0.06740858982165546
-0.500546162458762
-0.7031249373768134
-0.5493070467929917
0.03131580602399692
-0.04519533948784887
0.012685507796110718
-0.18736915885230254
-0.8132709113753294
0.11175742365831798
0.34915443712880395
0.669972927117845
0.8105056506887396
0.8381993809014181
0.6654331666324853
0.7722012556874331
0.718574069145725
0.9952984612436948
1.0104098454613664
1.0773498564285502
0.8677415456333148
1.1207738107335912
1.0513911462795336
1.0811575859561415
1.0866464995176317
1.4400344436756853
1.612991469294671
1.3571492760423245
1.5699685741815768
1.6090057861064828
1.224544694905292
1.6847756724224483
1.4187108801395185
1.1361661038027302
1.1519307066982671
1.0953797895591795
1.1502811594090354
1.051068891373506
1.4174754199161916
1.389885250231853
1.634335167538139
1.581592058258793
1.0760568098347854
0.15082946469391756
-1.6292681461274938
-4.277076541553619
-2.894482719852539
-3.435797324895836
-1.4751449387133038
-0.1263995390777426
0.16289063542684262
-0.06117767315393277
0.4102942229462439
0.42495374204665487
0.5358795786243669
0.4769318137493404
0.31464524172661573
-0.008148697727273113
0.07039436961140061
-0.010023139594012964
0.35497717808234747
-0.07731828034740892
-0.4450076463918712
0.10527083755547145
0.15018958908027852
0.4948222451496334
0.4208463081817891
0.42074590685982277
0.4044411458029357
0.708214986756589
0.8234542586812696
1.0386903550316533
1.001375481806132
0.5719388020529343
0.7647930654553163
1.2353318629893053
1.139459469149057
0.844651329685778
0.6962674610394344
0.7061574432125715
0.9713305574439599
0.8122275579656093
1.0079933746937852
1.107855847721408
1.0639991430201117
1.114278052102514
1.1375394791225684
1.2550469287619943
1.0051505168622212
0.5917069850990289
1.052563023590492
-0.8267937883346761
-1.2721716717995744
-0.781280422639727
-0.44466418628190113
-0.3611280933161236
-0.05230046135997887
0.5055763127463277
-0.008195889638563159
0.8917300728708377
0.8821597788451403
1.166374393889379
1.3196660937744642
1.381312559001427
1.2137211427324195
0.47895706805388955
0.5184176397599332
-0.31257895218581105
-1.1451163751244056
-2.954674685360321
-2.407893190030948
-0.9560534024691278
-1.8697529731404519
-3.3153678553391606
-1.6951895901727072
-1.1310583887092065
-1.6847161052051616
-3.1577135173169006
-2.4895974934685903
-1.5943598600772364
-0.7169221766538061
-0.1657538544992911
-0.08792538293413724
-0.031201543135126297
-0.3692960406230211
-0.6598439464571231
-0.17442121732769378
0.33780426326100116
0.585054785449798
0.8378297761119378
0.7747549040952435
0.9444092877451129
0.8395766471256074
0.844649553216491
0.3975432689341189
0.5913757314508954
-0.17439214237575246
0.2216469116344853
0.46265907115859867
0.17851864930090733
0.5038483561165932
0.6520243041840441
0.7981856027129599
0.4253937931674459
1.1998624334193995
0.8175799167432061
0.8715700040041545
0.24006160125031634
0.5096177060760483
0.25493751209111865
0.1652030412802581
0.06235821834552596
-1.57084086360888
-1.012158844174652
-1.2266382440608765
-2.3736456663010697
-1.2037491490584895
-0.6999735048856794
-0.47527882615500217
-2.4817244755122494
-1.0287443010986452
-0.9111720689517617
-2.460183132191257
-0.743243651255985
-0.2658646576427354
-0.45570104186355676
-0.3543997146299568
-1.0871946624156896
-0.9585867227724085
0.0431489726701802
-0.5601941177258762
-1.0508699444167933
-1.8527780764463782
-1.441055196965401
-1.565054371929987
-0.5811661565980837
-2.588489387003921
-1.3029180366117021
-1.480908019326281
-1.6753618198429163
-0.080705751126256
0.9030426536348077
0.9723873237575009
1.1323895514956053
0.8876016646045313
0.6599962428795916
-0.1529984562345087
-0.8228516942270114
-0.6548271036375368
0.23810535765774993
0.9192757095105828
0.8161163755410186
-0.6091360211257508
-0.5493817800602853
0.3293243309105382
0.6891275308708706
0.9117821226448828
0.8781972444029633
0.9587198441721145
1.1512214335707174
0.7545190707359262
1.2296451684722336
0.8604609098944414
0.8768788053667593
0.7820307674249298
0.9072563696385276
-0.7423460793055805
0.008673508039724831
0.6358989959273169
0.9260288252842477
0.5184251503062105
-0.5707889166789308
-2.9835741005641445
-2.9304559354235398
-1.2322383009785918
-0.44374198552684513
-0.018829241901048566
0.22832328740163826
-0.15143314659250512
-0.04626375487188822
-0.35901502784839817
-0.2510386267416498
-0.38570088272162834
0.05124863480262454
0.5507834164664525
0.3695088093092445
-0.018962623844646087
0.42986247930928295
0.8151038691434329
0.3308927116819686
0.47538158138153613
-0.6736456128339896
-0.7260484579109481
-1.467403363618098
-2.0466649628834372
-2.642501651785481
-1.1098264814226628
-1.7288175792923342
-0.7331053958066645
0.21935911621463228
0.5608813089149174
0.6142857033124438
0.37996453016769977
0.3723901488644648
0.06469498721195183
0.42880527401995167
0.784751441104754
0.37343909289585303
-0.829092566524956
-0.6601406989628278
-0.06329914350771848
-0.3284718581171247
-1.8388617353642838
-0.9018126076937611
-0.9093944097028357
-0.5248791071636784
0.3467397160144035
0.9620005046377644
0.7833054523011396
0.4225021844396056
-0.23120183979590475
-0.5543415612896099
0.21323605375130666
0.3281941876404529
-2.1542828127795133
-0.5738083369597109
-0.1391410531662661
-0.6760054692852878
0.18546103724506652
0.26340572890133523
-1.3481224483975565
-2.1077312394984338
-3.3260599723114903
-2.513277351507871
-0.9881463501616521
-0.9085298363276761
-1.3261812201648966
-0.8349193953758973
-0.4326156785775023
-0.2841946111717306
-0.517563182273035
-0.16859437777684855
-0.793459901575835
-0.045092788886441026
0.08797579872044686
0.31195312183625007
0.18155270687466035
0.1236362272785439
-0.3229376627770083
-0.31887797661205325
-0.3057577920882561
-1.3668928557151845
-0.6283738513968515
-0.5406477829186751
-0.8865563691022351
-0.20990382226520243
-0.8227271758949306
-0.8728031871854982
-0.3624619777284927
0.4092566985366822
0.6531900048789929
0.6119424983035779
0.4471193113227128
0.7472100586627384
0.22339961467065578
-0.3114494699959349
-0.4108755399270815
-0.4093090724006996
-0.8521971914741171
-0.14967815453315286
0.1135174819666867
0.11030572832747443
-0.6051283947751256
-0.6831533813681147
-2.7480324104556884
-4.042552469313375
-3.48307545533273
-3.4463879465791476
-2.6798487549451746