0.45199999999999996
0.3277
-0.1086
0.19050000000000003
0.2854
0.39630000000000004
-0.20739999999999997
0.15349999999999997
0.0032
0.0668
-0.39669999999999994
-0.7765
-0.3296
0.054699999999999985
-0.30429999999999996
0.04229999999999998
0.42569999999999997
0.16340000000000002
0.38330000000000003
0.7850000000000001
0.5537000000000001
0.8151000000000002
0.7595000000000001
0.6717
0.8488999999999999
0.8426
0.7237
0.5333
0.4861
0.14809999999999998
0.09939999999999999
0.8623000000000001
0.5976999999999999
0.6362
0.8803000000000001
0.261
0.7177000000000001
0.36920000000000003
0.4245
0.6225999999999999
0.6481
0.7407
0.7081000000000001
0.1526
0.16550000000000004
-0.15929999999999997
0.33890000000000003
0.20350000000000001
0.33649999999999997
0.29929999999999995
0.173
0.022499999999999992
-0.07680000000000001
0.18269999999999997
-0.0283
0.1258
0.1417
0.041399999999999985
0.6308999999999999
0.8118000000000001
0.6073999999999999
-0.07039999999999999
-0.04749999999999999
0.014000000000000004
0.1714
-0.2028
-0.13829999999999998
-0.23570000000000002
-0.5061
-0.36219999999999997
-0.07010000000000001
-0.16050000000000003
-0.0013999999999999985
-0.0436
0.44609999999999994
-0.1381
0.09000000000000001
0.6032
0.6504000000000001
0.5149999999999999
0.7573
0.8352999999999999
0.8359
0.24779999999999996
0.7655000000000001
1.0735000000000001
1.2870000000000001
0.9892999999999998
0.7003
1.1474
1.3533000000000002
1.0529
0.7692
0.5534
-0.007099999999999993
0.2472
0.5647
0.7429000000000001
0.8221
0.8150000000000001
0.8148000000000002
1.0181
0.675
0.7453999999999998
0.8150000000000001
1.0124
1.0453
1.0139
1.0248000000000002
0.7265999999999999
0.6453
0.6619999999999999
1.0223
-0.4168
-0.8079000000000001
-0.7819
-0.47220000000000006
-0.5573
-0.0079
0.31579999999999997
0.3433
-0.1827
-0.1657
0.30690000000000006
0.1521
0.20990000000000003
0.3852
0.6807999999999998
0.9068999999999999
0.5171
1.2247
1.3077
1.1275
1.0736
1.0771
1.0501
0.8827999999999999
0.9918999999999999
1.0177999999999998
0.9902000000000001
0.9494
-0.9857999999999999
-1.2145999999999997
0.17880000000000001
0.7775
-1.4003
0.6026
0.22660000000000005
0.6455
-2.4685
-2.5012999999999996
-1.0065
-0.8937999999999999
-1.7401999999999997
-1.7959
-2.3959
-1.7722000000000002
-1.3508
-1.5835
-2.3558999999999997
-2.7483999999999997
-1.5739999999999998
-0.9431
-0.08219999999999998
-0.1072
0.34299999999999997
0.5473
0.39119999999999994
0.7014999999999999
0.8183
1.1647
0.8258000000000001
0.6121
0.9196000000000002
1.1214
1.0052
0.7807000000000001
1.1534
0.7912999999999999
1.0142000000000002
0.8455999999999999
0.9267
0.9951000000000001
-0.0536
0.5282
0.8086
0.7289
0.11520000000000001
0.5816
0.7190999999999999
0.8469000000000001
0.7622
1.049
0.5932999999999999
0.5871000000000001
0.1758
0.03399999999999999
0.2806
-0.7339
0.2165
-0.31649999999999995
0.0628
0.2004
-0.2279
-0.5172
0.019800000000000005
-0.27080000000000004
0.179
-0.40119999999999995
-1.1251
-2.3196000000000003
-1.3092000000000001
-0.18849999999999997
0.2545
-0.34550000000000003
0.2506
0.46529999999999994
0.5749000000000001
0.5881999999999998
0.47120000000000006
0.7276999999999999
1.0146000000000002
-0.28369999999999995
-2.2990000000000004
-0.7142000000000001
0.7365
0.42750000000000005
0.7264
0.3837
-0.08179999999999998
-0.12890000000000001
-1.4231
-1.4094
-1.7556
-0.7427000000000001
-0.6598999999999998
-1.2864
0.0541
0.1306
0.1665
0.37829999999999997
0.575
-0.8213000000000001
-1.6973000000000003
-2.3891
-0.8217000000000001
-0.8987999999999999
-0.5241
-1.142
-0.33080000000000004
0.4391
0.6345999999999999
-0.1668
0.27619999999999995
-1.018
-0.059699999999999996
0.0033999999999999946
0.7484
-0.8593999999999999
0.24559999999999998
0.4638999999999999
0.49060000000000004
0.8726
0.16770000000000004
-0.32559999999999995
0.9048
1.1123999999999998
0.7203000000000002
0.3370000000000001
-0.48450000000000004
0.31710000000000005
-0.09230000000000002
0.07680000000000002
-0.07299999999999997
-0.3264
-0.7348999999999999
-0.1404
-0.9420999999999999
-1.1997
-0.8498999999999999
-0.6038
-1.0872
-1.0718999999999999
-0.8507999999999999
-0.6765000000000001
-0.9671
-0.6679999999999999
-0.3527
0.1929
-1.0817999999999999
-0.6115999999999999
-0.8539999999999999
0.083
0.6091
0.011199999999999983
0.10979999999999998
0.4109999999999999
0.6137000000000001
0.6935
0.8664999999999999
0.36150000000000004
0.8459000000000001
0.24899999999999997
-1.1114
-1.6134999999999997
-2.1281
-1.5891
-2.5729
-0.361
-2.7193999999999994
-1.5081000000000002
-0.5159
-0.6239999999999999
0.006900000000000012
0.0631
0.030599999999999995
0.46229999999999993
0.6519999999999999
0.8262
0.2566
0.1896
0.34950000000000003
0.5059
0.7154
0.8042
0.5488999999999999
-2.3750999999999998
-0.49560000000000004
0.07089999999999999
-2.6529000000000003
-0.37339999999999995
0.033
0.2857
-0.08559999999999998
-0.25009999999999993
-0.25930000000000003
-0.07770000000000002
0.30529999999999996
0.5829000000000001
0.18539999999999998
0.20599999999999996
0.1974
0.5833
0.8193999999999999
0.5975999999999999
0.7363999999999999
0.8529000000000002
0.4497
0.6573
0.3329
0.3344
-0.09670000000000001
0.6149
0.6967999999999999
-0.9410000000000001
-0.6189
0.024500000000000004
-0.3701
-0.27379999999999993
0.9276000000000002
0.9897
-0.5864
-0.0364
0.40059999999999996
0.2408
0.5584
0.6331999999999999
0.5628
0.0495
0.8465
1.4043999999999999
0.20400000000000001
0.4565999999999999
0.6830999999999999
1.031
0.7221
0.7299
1.0854000000000001
0.8432999999999999
-0.031599999999999975
-0.3418
0.2655
0.7218
0.7952
0.9228000000000002
0.21059999999999998
0.7819
1.2375000000000003
1.0283
0.7131000000000001
0.9282999999999999
0.3955
0.5796
0.48160000000000014
0.7633000000000001
-0.32300000000000006
0.3217
0.8064
1.0504
0.39899999999999997
0.12840000000000001
-1.22
-0.4003
0.6304
0.6027000000000001
-0.29429999999999995
0.09509999999999999
0.1257
-0.16820000000000002
-1.1488
-0.8765999999999998
-0.542
-0.05210000000000002
0.29469999999999996
0.13340000000000002
-0.012000000000000033
-0.2757
0.012200000000000011
-0.2378
-0.9494999999999999
-0.3948999999999999
0.2587
0.20540000000000003
-1.2803
-1.1988999999999999
-1.3171
-1.1306
-0.8659999999999999
-0.6842999999999999
-1.2742
-0.9756
-2.3536
-0.6299000000000001
-1.2202
0.1262
0.2888
-0.28879999999999995
-0.35829999999999995
-1.0521
-0.9227000000000001
0.050300000000000025
-1.1595999999999997
-0.9857000000000001
-0.3173
0.0816
0.645
0.5683
-0.9673999999999999
-0.04110000000000001
0.6848000000000001
0.7424
0.8455
0.9938999999999998
0.8073
0.7293000000000001
0.6938000000000001
0.3938
0.7274
0.4909
0.28819999999999996
-1.1001999999999998
-1.0181
-1.2696
-1.4891
-1.335
-0.6117
0.09639999999999997
-1.0698
-0.8638999999999999
-0.808
-0.6375
-2.3171
-1.737
-0.8667999999999999
0.0304
-0.2521
-1.6107
-1.1506
-0.9598999999999999
-2.1053
-1.9924000000000004
-1.4919
-2.1891000000000003
-2.3406
-1.3897
0.1072
0.35530000000000006
0.13929999999999998
-0.17290000000000003
0.5452999999999999
-0.1385
0.15
0.5505000000000001
0.39720000000000005
0.3801
0.38269999999999993
0.41180000000000005
0.5983
0.5218999999999999
0.5255
0.5095000000000001
0.34859999999999997
-1.4228
-0.9363999999999999
-0.1989
0.16030000000000003
0.09890000000000002
-0.7051000000000001
-0.6104
0.2972
-0.0492
0.6002000000000001
0.6165
-0.6041000000000001
0.5299999999999999
0.6323000000000001
0.6523
1.0245000000000002
0.8290000000000001
0.7361
0.6044999999999999
0.9221
0.519
-0.4208
-1.655
-1.0623999999999998
-0.0025000000000000135
0.5235000000000001
-2.0098
-0.7803
-0.45940000000000003
0.19410000000000002
0.3425000000000001
0.49400000000000005
-2.1274
-2.2689999999999997
-0.40049999999999997
-1.6067
-0.9946999999999999
-1.6378
-2.4638999999999998
-0.645
-0.5626
-1.0767
-0.221
0.41930000000000006
0.3721
-0.03820000000000001
0.5727000000000001
0.6675
-1.7317
-0.4598999999999999
-0.0921
-0.48739999999999994
-0.6954
-2.1027
-2.5723999999999996
-2.1026
-0.7685
-0.6300000000000001
-0.2782
-0.006099999999999994
-1.9707000000000001
-1.3337
0.029199999999999993
-0.05460000000000002
0.1284
0.2892
-0.09139999999999998
-0.8712
-0.7397
0.3719
0.175
0.1383
0.4403999999999999
-0.2537
0.12350000000000001
-0.13290000000000002
0.044700000000000004
-0.0703
-0.7766
-1.5972
-1.9322
-2.2685000000000004
-2.0551000000000004
-1.2001
-0.7135
-1.6166
-1.9416000000000004
-1.4525
-1.9278999999999997
-1.9479999999999997
-1.9403
-2.0619
-2.1330999999999998
-0.031500000000000014
-1.1433
-0.4573999999999999
-0.2495
-0.9348000000000001
0.22140000000000004
-0.009200000000000009
0.1563
0.6106999999999999
0.8293000000000001
0.4919999999999999
-0.1753
-1.2558000000000002
-0.41319999999999996
-0.1527
0.37629999999999997
0.11639999999999999
-0.5370999999999999
-1.5939999999999999
-2.1991
-0.7936
-0.8907999999999999
-0.8577
-0.8596
-1.6241999999999996
-2.5716999999999994
-2.6184999999999996
-1.2705
-0.9550000000000001
-0.8375
-1.9300000000000002
-1.3972000000000002
-2.1047
-1.5627
-1.9466999999999999
-1.0640999999999998
-0.8661000000000001
-1.7244
-1.5773
-1.7877999999999996
-0.9795999999999999
-0.08360000000000001
0.7329
0.6493000000000001
0.3992
0.3684
0.3195
0.32439999999999997
0.31989999999999996
-0.2487
-2.6596
-1.541
-0.5934999999999999
-1.2155
-0.9536
-0.8148
-0.19529999999999997
-0.9480000000000001
-1.1507
-1.1194
-2.0692
-2.6094999999999997
-2.5589999999999997
-2.0377
-1.015
-0.6659
0.1619
-0.36710000000000004
-0.14700000000000002
0.2994
-0.5715000000000001
-0.06790000000000002
-0.04780000000000003
0.5818000000000001
0.19899999999999998
0.5398
-0.0011999999999999956
0.5930000000000001
0.5726000000000001
0.0010999999999999808
0.19990000000000002
0.43570000000000003
0.5645
-0.5780000000000001
-0.006800000000000009
0.2266
0.5559000000000001
0.6829
0.6385
0.1605
-0.12140000000000002
-0.097
-0.35329999999999995
-0.21200000000000002
-0.051000000000000004
0.28309999999999996
0.4496999999999999
-0.1553
-0.6136999999999999
-2.1277
-0.08900000000000001
-0.2585
0.3254
0.2892
0.15760000000000002
-0.5313999999999999
-0.9095000000000001
-0.8619
-0.08239999999999999
-0.26370000000000005
0.1452
0.17070000000000002
0.32830000000000004
0.41000000000000003
0.3069
0.2966
0.1842
0.2961
0.1907
0.6083000000000001
0.4871999999999999
0.49429999999999996
0.2521
-0.04130000000000002
0.2922
0.4732
0.1777
0.1426
0.2385
0.40709999999999996
-0.0888
0.02620000000000001
0.19599999999999998
0.11489999999999997
-0.8058
-0.2895
-0.1823
0.04439999999999998
0.10500000000000001
0.22859999999999997
0.12499999999999997
0.10740000000000001
0.064
-0.08579999999999997
-0.2878
-0.022999999999999986
-1.1262999999999999
-0.207
0.35630000000000006
0.3505
-0.13159999999999994
0.022499999999999982
-0.8238999999999999
-0.44930000000000003
0.1222
0.3581
0.045300000000000014
0.1444
-0.29540000000000005
-2.3562000000000003
-1.4738
-0.7667999999999999
0.1411
0.045199999999999976
0.3463
0.2625
0.027599999999999996
-0.16540000000000002
0.06039999999999999
0.030499999999999992
0.17489999999999997
-0.55
-1.1925000000000001
-0.1956
-0.17959999999999998
0.12120000000000002
-0.07590000000000001
-0.0957
-0.0739
0.03830000000000001
-1.9988999999999997
-2.4776999999999996
-1.6237000000000001
-0.29489999999999994
0.2258
-0.1467
0.5234
0.5216999999999999
0.33509999999999995
0.1236
-0.5206
-0.5867000000000001
-0.23590000000000008
-0.8747000000000001
-2.2207
-1.0459999999999998
-0.8892
-1.1019
-1.9354
-2.3583999999999996
-2.2472
-2.1638
-2.6554
-1.6713999999999998
-0.4974
0.15699999999999997
0.1398
0.20329999999999998
0.1105
0.1832
-0.7165
-0.8649000000000001
-0.0616
-0.0653
-0.2652
-1.7356000000000003
-0.97
-0.1242
0.38039999999999996
0.5389
0.4069
0.2686
0.6159
0.6689
0.8256
0.6829999999999999
0.36050000000000004
0.6602
0.6237
0.7230000000000001
-0.15489999999999998
0.404
0.4726
0.40070000000000006
0.4576999999999999
0.4784
0.2684
0.45840000000000003
0.5458
0.11599999999999999
0.3758
-0.21059999999999998
0.04479999999999999
0.28790000000000004
-0.1669
0.3325
0.5407000000000001
0.4358000000000001
0.010299999999999995
-0.17200000000000001
-0.05669999999999999
-0.6372000000000001
-2.0891999999999995
-2.3055
-1.1282999999999999
-1.5567999999999997
-2.2433
-2.5634000000000006
-1.1667
-0.08500000000000002
0.13269999999999998
0.08760000000000001
0.2794
0.3128
0.2879999999999999
-1.0735999999999999
-0.7531
-0.19780000000000003
0.04070000000000001
-0.05369999999999999
0.1008
-0.6416000000000001
0.05899999999999998
0.04830000000000001
-0.9544
-1.9401
-0.999
0.271
0.10389999999999996
0.20600000000000002
0.689
0.6865000000000001
0.1202
-1.049
-0.5309
0.014000000000000016
-1.7165
-0.38630000000000003
0.198
0.07299999999999998
0.4309
0.0558
0.27149999999999996
0.5208999999999999
0.1968
0.33560000000000006
-0.09459999999999999
0.21960000000000002
0.06989999999999999
0.21260000000000004
-0.15690000000000004
0.29290000000000005
0.0158
-1.8020999999999998
-2.2653
-2.5835999999999997
-0.8837000000000002
-1.3055999999999999
-0.08790000000000002
0.098
0.20870000000000005
-0.013400000000000006
0.2749
-0.097
0.12309999999999999
0.03319999999999999
-0.1055
-0.9669000000000001
-0.12260000000000001
-0.18769999999999998
-0.7104000000000001
-2.0141999999999998
-0.8964000000000001
-0.0945
-0.6384999999999998
-0.46420000000000006
-1.8038999999999998
-2.274
-1.0373
-0.135
-0.1976
-0.1162
-0.1643
-0.1683
-0.1758
0.0512
0.12440000000000002
0.16540000000000005
-1.0608999999999997
-0.1001
0.09259999999999999
0.0643
0.3121999999999999
-0.18649999999999997
-0.20800000000000002
-0.3998
-0.5806000000000001
-0.4003
-0.2804
-0.1802
-0.40750000000000003
-0.2673
-0.32789999999999997
0.34249999999999997
0.7452
0.6351
0.7873
0.678
0.9269999999999999
0.6081000000000001
0.05519999999999999
0.12969999999999998
0.11510000000000001
-0.5553000000000001
0.18550000000000003
0.09019999999999999
0.1481
0.5580999999999999
0.9356000000000002
-1.3744999999999998
-1.8017000000000003
-0.1384
-1.2288999999999999
-1.2795999999999998
-0.7451999999999999
-0.8284
-0.6224000000000001
0.0409
0.02
-0.06860000000000002
-0.1093
-0.6127
-0.43610000000000004
-1.7617999999999998
-2.282
-1.6971
0.007999999999999988
0.33890000000000003
0.29279999999999995
0.30139999999999995
0.3939
0.5277999999999999
0.5694000000000001
0.2869
-1.2556999999999998
-0.34550000000000003
0.40330000000000005
0.3892
0.2145
-0.7888
0.05489999999999999
-0.0683
0.2237
0.39940000000000003
0.1059
0.5151
0.4939
0.1109
-0.2858
-0.5527000000000001
-0.608
-0.2852
-0.1005
0.046600000000000016
0.1824
0.1066
0.5986
0.9383000000000001
1.2352
0.6592
1.2846
1.2857999999999998
-0.4426
0.37239999999999995
0.5184
0.3089
0.2779
0.4838
0.40809999999999996
0.09340000000000001
-0.3111
-0.33659999999999995
-0.04169999999999999
-2.6525000000000003
-1.6842
-0.46469999999999995
-0.40090000000000003
0.43210000000000004
0.6077999999999999
0.5178
-0.8141
-2.5374000000000003
-0.7245000000000001
-1.6982
-1.7484000000000002
-0.525
0.2529
0.4056
0.356
0.20780000000000004
-0.6393
0.0016999999999999904
0.44369999999999993
0.3496
0.2778
0.6662000000000001
0.5999000000000001
0.31570000000000004
-0.2359
-0.0615
-1.4521000000000002
0.051900000000000016
0.28839999999999993
-0.3681
-0.4467
0.40659999999999996
0.4911
0.12990000000000002
-0.8029
-1.3297
0.6129
0.7354999999999998
-0.7107
-0.3524
0.09750000000000003
0.5567
0.7765
0.3457
-0.6351000000000001
-0.4297000000000001
-0.0399
-0.13970000000000002
-1.7102
-0.6857
-0.5081
0.07380000000000002
-0.03729999999999999
-0.7278
-1.0802
-0.1685
0.5538
0.31589999999999996
0.361
0.8708
0.9266000000000002
-0.29479999999999995
0.08370000000000001
-0.7734000000000001
0.24560000000000004
-0.8903000000000001
0.7035999999999999
0.41580000000000006
-0.42460000000000003
0.22989999999999994
0.13120000000000004
0.07270000000000001
0.35969999999999996
-0.26609999999999995
0.7746999999999999
0.9349999999999999
0.12129999999999999
-0.5979
-0.6245999999999999
-0.5700000000000001
-0.5839999999999999
-0.5477
-0.03219999999999999
0.12209999999999999
0.2961
0.2695
0.009300000000000008
-0.39849999999999997
0.28440000000000004
0.2558
0.1508
0.3155
-0.0343
0.4647
0.1295
0.7117
-0.286
-0.6187
0.47940000000000005
0.11259999999999999
0.11910000000000001
-0.4896
-0.5115999999999999
-0.021699999999999994
0.21559999999999996
0.5567
0.7611999999999999
0.8493999999999999
0.1132
1.0216
0.8551
1.0453000000000001
0.853
0.7504
-0.9358000000000001
0.09329999999999998
-0.6961999999999999
0.0774
0.22960000000000003
0.329
-0.1199
-0.7621
-1.5511
-0.7622
0.13590000000000002
0.1388
0.04370000000000001
0.3615
2.168404344971009e-19
-0.0658
0.021200000000000004
-0.05739999999999997
-0.34269999999999995
0.42600000000000005
0.19190000000000002
0.8394
1.0605
1.0742
0.8513999999999999
0.0696
-0.27790000000000004
-0.04420000000000001
-0.01940000000000001
-0.1092
0.4699
0.49139999999999995
0.9031
0.8504999999999999
1.1058999999999999
1.1294
0.47329999999999994
0.7662000000000001
0.9757000000000001
0.6396
0.4332
0.2672
0.1997
0.14820000000000003
0.43690000000000007
-0.5379000000000002
-0.1422
0.3766
-0.22070000000000004
-0.3637
-0.2125
-0.2779
-0.5613
-0.33630000000000004
-0.2112
-0.0774
-0.02859999999999998
-0.0931
-0.1276
0.016099999999999982
-0.2323
-1.5956999999999997
-2.1129
-0.962
-0.6782
-0.5403
-0.3477
-0.4857
-0.25329999999999997
-0.42029999999999995
-0.22320000000000007
-0.11849999999999998
-0.2243
0.0014000000000000123
-0.09689999999999999
0.02890000000000001
-0.05689999999999999
-0.3374
-0.21800000000000003
-0.6304000000000001
0.37749999999999995
0.35150000000000003
0.4346
0.40009999999999996
0.5900000000000001
0.11729999999999999
0.434
0.5086
0.3518
0.7728999999999999
0.30599999999999994
0.24289999999999998
0.306
0.2546
-0.040700000000000035
-0.3026
0.1413
-0.47589999999999993
-0.43629999999999997
-0.19959999999999997
-1.5806
-0.9219000000000002
-1.8305999999999998
-2.0164999999999997
-1.9667000000000001
-2.0851
-1.9369
-0.5075
0.13340000000000002
0.3271
0.28900000000000003
0.3428
0.40380000000000005
0.20390000000000003
0.3659
0.4201
0.34069999999999995
0.34609999999999996
0.286
0.34479999999999994
-0.11760000000000001
-0.5073000000000001
0.29710000000000003
0.36549999999999994
0.19579999999999997
-0.5012000000000001
-0.2783
-0.05239999999999999
0.39820000000000005
0.48739999999999994
0.5075999999999999
0.5746
0.37790000000000007
0.2971
0.40119999999999995
0.4902000000000001
0.09589999999999999
-0.07219999999999997
0.183
-0.43220000000000003
0.29379999999999995
-0.1883
0.041800000000000004
-0.9792
-0.5648000000000001
-0.1425
-0.9989999999999999
-0.38559999999999994
-1.0282
-1.8967000000000003
-1.2571999999999999
-1.9445000000000001
-1.2544999999999997
-1.1247
-2.5757999999999996
-2.5925
-2.4686999999999997
-2.7233
-1.6567
-0.8623
-0.0551
-1.893
-0.5347999999999999
-1.9034
-1.8122999999999998
-0.5418000000000001
-2.1763000000000003
-1.4006000000000003
-0.9516
0.15769999999999998
-0.41980000000000006
-0.7933999999999999
-0.8708
-1.6096
-1.4142
-0.9650000000000001
-0.7066000000000001
-0.9874999999999998
-0.2926
-0.344
-0.19429999999999997
-0.2171
0.3328
0.5488
0.7382
0.028200000000000003
-0.055200000000000006
-0.01260000000000002
0.123
-0.05920000000000005
-0.18710000000000002
-2.0506
-2.1900000000000004
-0.9174
-0.4124
-0.1811
-0.306
0.2083
0.2804000000000001
0.4189
0.7380999999999999
0.3261
-0.6990000000000001
-1.1848000000000003
-0.3949
0.07859999999999999
-1.3035
-1.4618
-1.3824999999999998
-2.2381
-2.031
-1.3535999999999997
-1.3336999999999999
-1.4468
-1.1234
-0.3659
0.18889999999999998
0.16100000000000003
-0.21640000000000006
-0.6345000000000001
-1.3572000000000002
-0.7275
-1.3203
0.1627
0.053000000000000005
-0.6068
0.3092
-1.0084000000000002
-0.13720000000000002
0.6494
-0.6809999999999999
-0.8122
-0.6197999999999999
-0.1398
-0.7121999999999999
-1.9771999999999998
-1.3585999999999998
-0.4763
-0.6143
-0.6261
-0.2062
-1.0349
-1.8651999999999997
-2.7345
-1.1774
-0.041400000000000006
0.5836
0.7141000000000001
0.2699
-1.3671000000000002
-2.2419
-2.1019
-2.5686999999999998
-1.0549
-1.3301
-1.1394
-1.2868
-1.2299000000000002
-1.8968000000000003
-0.9704
-1.8273
-1.7196000000000002
-0.07570000000000003
0.3919
-0.07710000000000003
0.03380000000000001
0.4023
-0.7007999999999999
-0.1372
0.18449999999999997
-0.15360000000000001
-1.0390000000000001
-1.2589000000000001
-2.2892
-1.9548999999999996
-2.6097
-2.6317999999999993
-2.1440000000000006
-0.7041999999999999
-1.0329000000000002
-0.6887000000000001
-1.0
-0.7596
0.1849
-0.33720000000000006
-0.7723000000000001
-1.1543
-1.7803999999999998
-1.7349
-0.8233
-1.4038
-1.9727999999999994
-1.6273999999999997
-1.8102999999999998
-2.2291999999999996
-2.1584999999999996
-1.6625
-1.1327000000000003
-1.5036
-2.1460999999999997
-2.0649
-0.7687999999999999
-0.6619999999999999
-0.6700999999999999
-0.7438
-1.6429000000000002
-0.2124
-0.22609999999999997
-0.10819999999999999
0.014700000000000013
-0.2636
0.47850000000000004
0.6335000000000002
-0.40470000000000006
0.41690000000000005
0.6587000000000001
0.6113999999999999
0.9238
1.3969
1.4015
0.8801000000000002
0.6678999999999999
0.1829
0.35180000000000006
-0.0719
0.47990000000000005
-0.1414
-0.08619999999999997
0.4277
0.8394
0.6890000000000001
0.0035000000000000005
-0.04149999999999998
-0.8098000000000001
-0.086
0.5728000000000001
-0.027099999999999992
-0.046099999999999995
-0.0824
0.1622
0.6395
0.6521000000000001
0.5471999999999999
0.6895
0.5849
0.6854000000000001
-0.06609999999999999
0.6462000000000001
0.6493
0.6256999999999999
-0.5704999999999998
-1.5875000000000001
-1.9465999999999997
-0.42790000000000006
-0.6971
-0.24230000000000002
0.3097
0.42140000000000005
0.2955
0.5077
-0.002800000000000006
0.8272999999999999
0.7262000000000001
0.49000000000000005
0.7583000000000001
0.42779999999999996
0.4913
0.5282
1.1217000000000001
0.7610999999999999
0.7964
0.5355
-0.8070999999999999
0.3418
0.37210000000000004
0.41850000000000004
0.6206
0.24939999999999998
-0.11829999999999999
0.413
0.3629
0.5954
0.5139
0.7603
0.8428000000000001
-0.030100000000000005
0.4021
-1.5504000000000002
-0.5019
0.2755
0.7892
0.8779999999999999
1.0594000000000001
0.9589000000000002
-0.013099999999999987
0.3884000000000001
1.4007999999999998
1.1930999999999998
0.6910000000000001
0.08650000000000001
-0.7213999999999999
-2.2480999999999995
-2.3249000000000004
-0.6219
0.8216999999999999
0.6752
-0.8466999999999999
-2.444
-1.6931
-0.5464999999999999
-0.5504
-0.6335999999999999
-0.2899
-0.6702000000000001
-0.08659999999999998
0.4888
0.1936
0.44430000000000003
0.3992
0.5112
0.6347
0.4208
0.7119000000000001
1.0282
1.0954000000000002
1.0423
1.5191000000000001
1.6172
1.0051999999999999
-0.29340000000000005
0.07370000000000002
0.18660000000000002
-1.3875000000000002
-2.0084
-2.7588
-2.5989000000000004
-0.7411000000000001
-0.0005000000000000227
0.31849999999999995
0.2702
0.7546
0.7448
0.5900000000000001
0.5341
0.8465
0.9763
0.766
0.036199999999999996
0.09389999999999998
-1.4437
-1.9184999999999994
-2.3623000000000003
-1.9697
-0.9844999999999999
-0.9880999999999999
-0.6947
-1.7283000000000002
-0.8217000000000001
-0.3068000000000001
0.21200000000000002
0.7803000000000001
0.3621
0.18500000000000003
0.19940000000000002
-0.2932
-0.22410000000000002
-0.016700000000000013
0.3202999999999999
0.41190000000000004
0.5902
0.23879999999999998
-0.7646
0.7960999999999999
0.6794
0.8976
1.0143999999999997
1.2748000000000002
1.4708
1.5059
1.5408
1.392
1.1652
1.1279
0.9849
1.5152999999999999
1.0013
1.5183999999999997
1.5173999999999999
1.6609999999999996
1.1062
1.6572
1.6936999999999998
1.6905000000000006
0.8156000000000001
1.7565000000000002
1.3962999999999999
1.4346
1.3576
1.5116999999999998
1.4346
1.5909
1.3511
1.1207
1.9835
1.2294
1.0309
0.2846
-2.1411000000000002
-2.5334999999999996
-2.1403999999999996
-2.7175000000000002
-0.09000000000000002
0.6789000000000001
0.6942999999999999
0.017400000000000006
0.5288999999999999
0.5372
0.34500000000000003
0.6234
-0.08370000000000002
0.015699999999999992
-0.33469999999999994
0.1356
0.2994
-0.7126
-0.5795
0.047099999999999996
0.8379000000000001
0.7369
0.2684
0.3435
0.2522
0.9814999999999999
0.9128999999999999
1.0492
1.1473
0.3256
0.9602
0.962
0.9231999999999999
1.173
0.9287999999999998
1.0675000000000001
1.2831000000000001
1.0824
0.9516
1.2991000000000001
1.0079
1.2044000000000001
1.0387
1.222
0.49460000000000004
0.724
1.1407000000000003
-1.791
-1.5878
-1.1779
-0.49119999999999997
-1.1982
0.03959999999999999
0.3657
0.07610000000000001
0.9528999999999999
0.7856000000000001
1.123
0.9782
1.0639
1.0376999999999998
0.4565
0.3879
-0.9557
-1.9647
-2.4591
-1.8516
0.31399999999999995
-1.8310999999999997
-2.1439999999999997
-0.5320999999999999
-0.6043
-1.5017
-2.6625
-2.0938999999999997
-0.6534
-0.6315
-0.4180999999999999
-0.44370000000000004
-0.47479999999999994
-0.8379
-1.0041
-0.06980000000000004
0.18810000000000002
0.9026
0.8394999999999999
0.8145000000000001
1.0527
0.7222999999999999
0.7779
0.35829999999999995
0.4272
-0.3843
0.4431
0.5882999999999999
0.1665
0.24489999999999998
0.8484
0.8623000000000001
0.311
0.7127000000000001
0.8781000000000001
0.8641
0.20949999999999996
0.22219999999999995
0.15460000000000002
-0.009000000000000011
0.15889999999999999
-1.112
-0.8920999999999999
-2.1204
-2.4599
-1.3490999999999997
-0.5652999999999999
-0.6814
-2.5412000000000003
-0.9856
-0.9437
-2.4575
-0.24519999999999995
0.009499999999999986
-0.2512
-0.3489
-0.9776999999999999
-0.9348999999999998
0.0001000000000000334
-0.9752999999999998
-1.2418
-2.5500999999999996
-1.4269999999999998
-1.8852
-0.42539999999999994
-2.7197000000000005
-0.718
-1.786
-1.5363999999999998
0.09669999999999998
0.7904000000000001
1.0121
0.9002000000000001
0.8915000000000001
0.8643000000000001
-0.6377999999999999
-1.05
-0.47729999999999995
0.6103999999999999
0.8899999999999999
0.6068
-0.8233
-0.4241999999999999
0.3862
0.8052000000000001
0.9643
0.8146000000000001
0.9875
1.1657
1.0517
1.1098000000000001
0.9292999999999999
0.7712
0.924
0.7396999999999999
-0.9157
-0.3404999999999999
0.17520000000000002
0.9651
-0.05859999999999997
-0.7324
-2.6799
-0.5803999999999999
0.15890000000000004
-0.8324999999999999
0.3888
0.5550999999999999
0.44079999999999997
0.04460000000000001
-0.36469999999999997
-0.40969999999999995
-0.9294
-0.10830000000000002
0.5700000000000001
0.5610000000000002
0.6483
0.8705999999999999
0.6648
0.8237000000000002
0.3805
-0.9727
-0.49590000000000006
-1.6170000000000002
-2.4183
-2.3259
-0.5375000000000001
-2.2834
-0.6574000000000001
0.6003999999999999
1.0493000000000001
0.8529
0.2931
0.8150999999999999
-0.23970000000000002
0.788
0.8612
0.5500999999999998
-1.3215999999999999
-0.1739
0.3229
0.014700000000000001
-2.6923000000000004
-0.8301999999999999
-2.0650999999999997
-0.3256
0.7710000000000001
1.0215999999999998
0.8604
0.5161
-1.6003999999999998
-0.4204
0.7
-0.1762
-2.3621
-0.32720000000000005
-0.4643
-1.371
0.16169999999999998
0.1004
-1.5686
-1.6344999999999998
-2.5499
-2.6832000000000003
-0.8482
-0.8954999999999999
-0.8180000000000002
-0.7979999999999999
-0.9488
-0.7642999999999999
-0.8193999999999999
0.11599999999999996
-0.6738999999999999
-0.013600000000000001
0.0715
0.3847
0.31670000000000004
0.10729999999999999
-0.36690000000000006
-0.027600000000000013
-0.394
-1.7618000000000003
-0.5176999999999999
-0.3823
-0.45890000000000003
-0.35250000000000004
-0.6258999999999999
-0.7543
0.040100000000000004
0.6275000000000001
1.0625
0.8975
0.7442
0.8583999999999998
0.07830000000000001
-0.1044
0.04849999999999999
-0.3808999999999999
-0.1889
-0.040500000000000036
0.2808
0.09979999999999997
-0.2965
-0.24949999999999997
-1.5907000000000002
-2.8685
-2.8101
-2.7817999999999996
-2.7268