0.3120292644286664
0.20317719795985895
-0.05147809482026379
0.09264367936727415
0.3400196668033899
0.17625650029410367
-0.09003027303985506
0.14901611676248477
-0.03221032619150617
0.2802044395853265
-0.5578251179519389
-0.6925555741325763
-0.281392196770757
0.09554001808173575
-0.19505767279673414
-0.007423343056758717
0.30762872545810216
0.38958326750954764
0.3112887876367829
0.5772454583945662
0.597922985889899
0.5564291599934543
0.735006052477311
0.7889011205779121
0.805210564526617
0.7326463418971177
0.8527555587721529
0.46548005958434135
0.33467502363935775
0.21625731719733834
0.17886003932638186
0.5274638679006916
0.44728040009707215
0.5281103764886065
0.4712912639428596
0.24384262007350893
0.597602384653142
0.36644887517264
0.4177893463621664
0.46498803116464177
0.552546569780847
0.8536776893246809
0.6923412674925353
0.3846265163544646
0.34528853417373523
0.03346445791164129
0.38396404292652775
0.5487214003208003
0.5563073042569237
0.449305366142825
0.20962881961755353
0.0975735654182765
-0.10569753634333888
0.30648960320640134
0.07223010788019571
0.2505978278670842
0.257126585539428
0.04863986588613164
0.6351247199891125
0.5512607051603811
0.6019330192883269
0.018325243892870633
-0.024521511762494685
-0.02791607624011589
0.18392096763383892
-0.1716496544363419
-0.06747003072696472
-0.3483284367210727
-0.5038686001269617
-0.4099697712403855
-0.024387297321225642
-0.35439901991158823
-0.05217225797652325
-0.07814377421647552
0.42172757958646584
-0.2032205969904432
0.13523483618253612
0.5156584043018442
0.6951808279278685
0.5427705556500301
0.5681761937082692
0.7677477075672654
0.733781335598538
0.4099727950840661
0.77922187450779
0.9766274196131879
1.0671564040896853
0.9378059711348765
0.8833608635300755
0.9617107719111205
1.05831457676533
0.9167649324556366
0.7230576201796484
0.8117794886008043
0.15797468367193973
0.324434401703254
0.517513840776276
0.6568917871221915
0.6894392796856805
0.6216693841571607
0.697259004507926
0.654186135357494
0.8062988166773353
0.5676496539238661
0.7076432347620274
0.9237626686340508
1.1053629580151592
1.0634881291048506
1.0496112160449196
0.8556653815681241
0.8606755326525433
0.7531400564024744
0.9646492616405303
-0.110756295085241
-0.47705336938580445
-0.4872247575314827
-0.4399365829247885
-0.3225400755934642
-0.10720727609395048
0.06798074479457261
0.2149995805970119
-0.05977105531383675
-0.31125097838778637
0.1564724951667881
0.13417854380474106
0.18405185536884452
0.43732740821761384
0.622972521908944
0.8009559198111806
0.4962510763167447
0.9488644162899532
1.2248591612531905
1.1488796839562228
1.0380457746538332
1.0792261405110093
1.2515803015014744
0.8121807873916946
0.7228290319761945
1.1423073094168852
0.7914316603029172
0.9077171198484232
-0.942228123182073
-1.2199477526614102
0.31172835052556686
0.7408546510001949
-1.1873874964526996
0.5606611505628017
0.2581256623425454
0.6580396896867668
-2.221086487501283
-2.502503250251498
-1.5007743139623921
-0.995494807059881
-1.8145558626213392
-1.749987646506981
-2.4611595649313065
-2.11835579286325
-1.8205481254084417
-1.709071448890372
-2.2526378737604222
-2.9947720898822663
-1.9225009668171933
-0.6709597724257845
-0.13922472221046053
-0.20626736440334897
0.23617326558392332
0.6210880744010162
0.5133413240898649
0.8144974479814102
0.8204401086652996
1.0118547186117857
0.828290707450273
0.40303482452102474
1.0344441897574732
1.1987453971043467
0.9817519163162104
0.9906283175908273
1.2227985505743106
0.6014658276235515
1.0079166798273949
0.7223753806930078
1.0343123150961473
1.0662332903408174
-0.005104287500559133
0.6586418142610424
0.7756510622188423
0.9051453820022017
0.13746201403738337
0.6225043177604087
0.5099153100708855
0.6216845031651954
0.926665036419017
0.7624629741573299
0.4418522221390693
0.5872287737323146
0.2038441773932443
0.054433467355922166
0.2602213279408704
-0.8423296029408089
0.05312168795812791
-0.31837996859759055
0.08302544200211259
0.2860581538851945
-0.36401453555498664
-0.4564578524207715
0.10278641652479738
-0.264406749904927
-0.1575858410181683
-0.5158629848339196
-0.9148277002822991
-2.3976759919978257
-1.1345836179761841
-0.2685727560046055
0.11926981747544156
-0.1290983224576476
0.30962709818316975
0.3962604517401331
0.4030610727350308
0.4841744139235104
0.39593088396920606
0.666248599087574
0.8409358227971595
-0.11289865301100305
-2.3319205892840866
-0.6073960877785904
0.3843747874845953
0.17315770854918608
0.8447836730869307
0.4511227851067723
0.03694044515669177
-0.07768290853206508
-1.065939357269117
-2.048663779022652
-1.6804911558917817
-0.9051645901167465
-0.6573187590454179
-0.6617399970890178
-0.04956603463847756
-0.044818864728765735
0.04436496052225844
0.31987422691782785
0.45694707246506994
-0.7007222144028472
-1.948197787257691
-2.03105366861465
-1.2366869932686242
-0.8945913206328184
-0.40926795659465154
-0.7061133124227105
-0.26159315071511335
0.36216249843683673
0.7233740101425032
0.10455184371625413
0.26820818212767755
-0.9491226225247869
-0.07201719193869234
0.23445731805370076
0.493753283655991
-0.43207069321376196
0.16090555542629922
0.21406698627132092
0.38214411897119294
0.7146542424821997
0.2140394647279265
-0.09653969339476567
0.8631538107570633
1.0662024531518979
0.5594323834242063
0.42090610877902257
-0.19087914334185133
0.40122855369143784
-0.22027786706819683
-0.012513105110884182
-0.11949652096668399
-0.2852266415456232
-0.5833324122644936
0.036759336577421066
-0.6008216149936484
-0.7378481824561103
-0.9473695283713446
-0.4293826509289921
-0.8946078773329469
-0.8281874883368098
-0.9700734579585859
-0.6577467443038348
-0.9966348666630113
-0.4751135270047283
-0.08350562874496266
0.08309456166586116
-1.2859206186512173
-0.359693344488773
-0.5771285263403665
0.09302129078084076
0.5466302894087787
0.07772823067795852
0.22070547871266458
0.2437041725904155
0.7140037087610647
0.7516886162093179
0.8247639867751659
0.43018959018053016
0.6378385645947646
0.04342757632950396
-0.7484377056071724
-1.4996293938709628
-2.295771829950438
-1.2224057109000708
-2.532991573518256
-0.32759633059786397
-2.547666694064865
-1.639607824639605
-0.4630299283724355
-0.6091685708911049
-0.22800809297948366
0.20134649622868067
0.22205182150021688
0.43236806512883647
0.5439219207809044
0.4999620690774683
0.2563677799216957
0.1706700955392436
0.3491033164949819
0.5839717616560148
0.8025314384883733
1.0690796280124115
0.2775603418480352
-2.3195843588980862
-0.5937715887667927
-0.057324682264387056
-2.5890787097391352
-0.3103070662012338
0.038581938372413596
0.19733214925003162
0.10290143891162935
-0.29751289997185876
-0.35505568831270634
0.005779715940496306
0.29847758494061305
0.41606560769531253
0.27429144354683155
0.17058036478208008
0.03883280995104932
0.5585392795094184
0.8412292770853819
0.41946080152840776
0.7299356291154697
0.852279003193366
0.4338038889771376
0.47251334622489594
0.2912608797751744
0.32897732141375063
-0.03095667694038175
0.2351901043287443
0.5569431277649873
-0.6946145089054263
-0.4519228536276702
0.07707777968779496
-0.5043641164153846
-0.195606342667474
0.8677319688928907
0.8827141016126134
-0.4534497141329512
0.11705293001829034
0.5242551954952958
0.2569895280389117
0.815825936060238
0.7083949665761539
0.42089721224549115
-0.00978174525962727
0.6883490061025201
1.4952026100621127
0.2585017285575939
0.4780668830024645
0.7105145172609448
0.7142984700948717
0.8720727194830844
0.6887271315839576
1.0475186738964168
0.7955943596243785
0.1274251680837663
-0.2814293664365837
0.23343870507930284
0.5007906757745944
0.7012551410315632
0.6899368313207377
0.19379949202197666
0.5596676509781652
0.9223577941931583
0.6163647739410497
0.7561830198064083
0.7337415758516771
0.38566310398473724
0.5241086560910092
0.46417134485415523
0.7018807539470482
-0.36277517361816347
0.2989456324800733
0.6460254444983544
0.677686837409838
0.5135521822824027
-0.00229012677678011
-0.6899885474979984
-0.20504666729182183
0.29831229260438596
0.6163363939251751
-0.26576258098433936
0.1359710917219852
-0.03341300120185895
-0.2967523107623768
-1.746803446724966
-1.5330573051638448
-0.4671860401303327
-0.07747985017440367
0.3148979671387874
0.04701459107028246
-0.5864363679066117
-0.414690793446231
-0.1867505700387253
-0.3154644750389521
-1.799106186762623
-0.4590740865814104
0.09647348639804337
0.0077591610219635045
-1.3437570896360767
-1.2654934550015726
-1.3583344319385686
-1.0099131176074225
-0.741782560399763
-0.9311274076777853
-1.5629043420059727
-1.9674445843584563
-2.331322693612144
-1.761377167369297
-0.7648387653498914
-0.4266631117159438
-0.1331662407867823
-0.39702135655400744
-0.3632054221538752
-1.0550539538136932
-0.6595097782087946
-0.09491112482130648
-0.797027101772848
-0.645501904364237
-0.34695295048015534
-0.058648043152247746
0.5110592088132655
0.201957809155735
-0.6088937980387106
-0.19435016694604268
0.33006004782032117
0.6151368310939961
0.6960329882536637
0.8215117901995401
0.7243321903626665
0.7649225398604506
0.7743614696343843
0.3680700861598743
0.6316049108467291
0.4040985489532496
0.32940376990886727
-1.2448421637862181
-1.907749798022304
-1.2804280866799165
-1.2893200217436027
-1.781885936082805
-1.0462759112310964
-0.20227964825337275
-0.910055648687571
-0.6034885016694256
-0.659417328436112
-0.6203462612084721
-2.3114044836915433
-1.40144492003857
-0.6487764286471022
-0.166734884472561
-0.24019975104632618
-1.5259989663363214
-1.3625896970856304
-1.140797660892738
-2.0523029160096526
-2.1902623725782076
-1.4963497788062936
-2.248152662908749
-2.6190790513145012
-1.3772749213548747
0.10761773141685388
0.3198028661744599
0.07169538025469074
-0.21265032015199278
0.2782676160336952
-0.2162912680680546
0.039359097553192224
0.534794726324216
0.5439290113832419
0.45850260842276547
0.7171918974943541
0.44374250149332906
0.6348445685789593
0.5658737884197853
0.5305747824539641
0.5748158654162555
0.16177903702402377
-1.6238594837347877
-0.7882525756892449
-0.4760448219147416
-0.1398075437808608
-0.06505086028918085
-1.075450710430846
-0.7042869632895399
0.3299056917715725
-0.20344800199825616
0.6569432173657662
0.8156202496490691
-0.2557867112366529
0.6493431543332925
0.7083473383199538
0.9981715318755671
1.133106576074327
1.043595011025829
0.9887936600374082
0.7771142467486177
0.8007581567226474
0.4854401460957227
-0.27314955466500135
-1.661285974249515
-0.9481264371498062
0.18668889191401927
0.6797815800268823
-1.6485608200656139
-0.7863404713518739
-0.4979158721938399
0.13800419662349897
0.42073807572262895
0.40784853011844
-1.68282894054298
-2.4564718521961884
-0.4278669180643086
-1.674843270599534
-1.0130607419219344
-1.7913026352577437
-2.678751048414428
-1.0003847768692955
-0.48416334936303723
-0.899225537318671
-0.1946211389905264
0.4243483987848709
0.42088264262306985
-0.09552625510549756
0.3562703381710893
0.5699117931550867
-1.349824868564189
-0.39762205366375425
-0.13208875343805057
-0.25627250166401677
-0.5156474734770471
-1.986397836381504
-2.6296310741206637
-1.8093675390202617
-1.1363207147474552
-0.8182707012336325
-0.2653718574096746
-0.44574189206116444
-2.1371361323033957
-1.4070809166673626
-0.3105872160540201
-0.05015255812682369
0.18093229527806182
0.46339987255999276
-0.17871971962106606
-0.9356687676379853
-0.8549620043810164
0.29716092394973553
0.620582936217556
0.3147749428637734
0.4423848091263098
-0.0679743834325164
0.24851783239444503
0.1498562511148477
0.1115625741207517
-0.05532876778263604
-0.42024991606722084
-1.4840794202384684
-2.0528921008500483
-2.671716251163181
-2.3835266677852234
-1.2139466207776919
-0.8413877205374877
-1.6849184397026526
-2.1620134195555822
-1.1987013634001813
-1.8277119612044486
-2.3314623972563466
-1.8898969464536028
-2.2084785214863096
-1.828384485052371
-0.12468292526785524
-0.9055137602891846
-0.3492210032042395
-0.22841823649709359
-0.9387838525646539
0.20975482247686375
-0.05388188879153009
0.38052550952245556
0.8881185079997215
0.9186307545403084
0.300277319191623
-0.11814885381091506
-1.167539349430156
-0.33376140021483997
0.06464689487060261
0.3127480826090372
0.17968872508964784
-0.4020021240409054
-0.9582375033481445
-2.124927807132193
-0.9894465314511408
-1.2016174692083954
-1.1820993057335933
-0.9362017600993815
-1.5411551002001616
-2.236327325564409
-2.7033644693016075
-1.4301929174104309
-0.9045807725260073
-0.8169511281751253
-1.8750486593418054
-1.2026020890241642
-2.0358908748809004
-1.7912852738689828
-2.0773273017252305
-1.0325020597915413
-1.2298858727839268
-1.5745544814739256
-1.5034919975701784
-1.9220544030516007
-0.6566714410985428
-0.11653329301863453
0.3154095778482009
0.3258348099789384
0.25247995765896253
0.264285552413573
0.29778206025975096
0.15319017039999103
0.2750549206142835
-0.6643756992758304
-2.783259949869063
-1.4946414012110794
-0.5931037532936072
-1.1186998416946503
-0.8259988856345728
-0.7833740793311246
-0.27798924608192377
-0.8659181702484712
-0.9123491402735837
-1.1989921359538989
-1.858435156105568
-2.5867582863354825
-2.4806467333166506
-1.903914179425782
-0.8408802829498604
-0.5064071708023985
0.06460153683374013
-0.061131600282879374
0.06138434455556985
0.2365419783512934
-0.45317729265213785
-0.0645130037881002
-0.1397709291290249
0.4740358375362722
0.10128569790408407
0.5801410362877178
-0.09644338770726263
0.44761094429274717
0.5449799483239104
-0.054456365006911325
0.2706818638511797
0.39948286743852474
0.49119951567274966
-0.5138116530916784
-0.09479174270741611
0.27716688615191626
0.4256083677216146
0.5196414281613069
0.5543434603337577
0.23583933129988863
-0.22506353192178738
-0.449165378357252
-0.46984552514211725
-0.36621776790311106
-0.22148576991891952
0.38251894725576935
0.552986941834035
-0.2455527400175971
-0.4062221728826957
-2.101050757830403
-0.2652282503787128
-0.39597463070115313
0.20589729614923952
0.17362212500787655
0.09622935468840782
-0.6161010861065328
-0.6616726190592429
-0.797802694437856
-0.19070768349913708
-0.30769523169255175
-0.10092487602438374
0.23515317574140765
0.41138198280209604
0.39101111347340534
0.32568240872455784
0.3477640218926153
0.24077330923877327
0.3216979009244296
0.02224118958683463
0.27388387094638894
0.3100690405517025
0.4150068069394616
0.23074164440675096
-0.2502172895465848
0.23347040198647503
0.4251678555941767
0.2885321468795587
0.13965344755487705
-0.04126530501538203
0.3853185173556439
-0.18070786932328323
0.03958873801429039
0.3110950732351706
0.20662622201142308
-0.7955768809863585
-0.3069431450416862
-0.2780163160011845
-0.04236483459285333
-0.00443716270139743
-0.01695147262946007
-0.06253817510593522
-0.037417946977116597
-0.15537596928064967
-0.48404344326917165
-0.617940937517254
-0.4096062270278417
-1.1959190033980263
-0.2078523431173763
0.44878407001890697
0.4245459757468628
-0.27330757938058503
-0.6454250510532444
-1.219947453045066
-0.5002400361625187
-0.21005088851602338
0.010818155177893047
-0.09458839496813821
0.1056698636595347
-0.4161702085495015
-2.32589927351727
-1.7696903331976468
-0.6768582984002336
0.04282019248314898
0.007557230855104
0.3704432784842566
0.057879469502881586
-0.148071772793221
-0.17477924847372284
-0.03032899713524046
0.13804990245928916
0.07246166265433551
-0.5714322690760961
-1.2627387507372092
-0.28251960263455017
-0.37435840968143036
0.08470463927168817
0.006199019217763698
-0.39463291192367556
-0.20441140640128563
-0.2662441687854727
-2.176777987783474
-2.410318242274359
-1.6644527552609913
-0.1431885750925764
-0.04825973761184761
-0.29854123896293233
0.3107754162517137
0.4390316092437096
0.5574538538174836
0.15856591579366308
-0.4223647892384726
-0.5590178529100338
-0.26457735759542733
-0.8046270471182245
-2.2862613705219212
-1.4377951658698445
-1.2598555279354193
-1.1456376288664751
-1.8391143710723048
-2.5075383678773697
-1.9713274934866105
-2.2339209889816125
-2.5358681590919634
-1.3772813542174704
-0.4322667969868799
0.10728411644108189
0.12298900761078439
0.3161838058631288
0.2827575930728774
0.21307032203888843
-0.706524810777756
-0.7246786968000714
-0.1250905811926224
-0.06611414848579274
-0.4910989117739468
-1.6266897201410515
-1.1903247398769337
-0.0973390867207307
0.21313128475267698
0.5375089188535777
0.47490250346969415
0.3631679646980499
0.5845983823238757
0.7423030209523235
0.9244073825810611
0.8047262260683156
0.41888984408222735
0.646242598859538
0.7219495999625969
0.8578980602455599
0.11918747323770912
0.3966950799349999
0.4858253619663013
0.5497122851369798
0.4430969376982825
0.3627391359822934
0.19432862164209255
0.5008465742288097
0.447393469662883
0.2551138324062116
0.5488135935647726
-0.016165086327472284
0.2461139245088867
0.24811193139770055
0.04160506258136251
0.37350422931210797
0.624362814437751
0.6178111727656759
0.16398211660931367
-0.2507253002339772
-0.07635176453047034
-0.6559181548169433
-2.033261621479174
-2.5375237112768234
-1.2171224751127245
-1.3997354594151787
-2.4188922991045465
-2.8381052431804488
-0.9218353695379071
-0.10615095267419575
-0.22304116732050408
0.14751990055560288
0.36132077500264576
0.2995210882282277
0.26103926017581425
-0.8709245624956701
-0.7061707354574421
-0.14087591045958378
-0.07140896606860817
-0.31832210798322774
-0.10964112873740742
-0.6130057931418487
0.00029984139001074724
0.10070824546585147
-0.705937104018063
-1.9918626764396115
-0.9841790249405172
0.38170980356332435
0.22642953025756318
0.24066541242964393
0.47833670434321934
0.797802183721173
0.26244663463233825
-1.2430777020166432
-0.5169498332669824
0.07041394136733153
-1.2815308262068643
-0.2022026848957649
0.22795866195425843
0.016820440645990198
0.3738205333184219
0.25036501776877845
0.27937528344554396
0.4461766809891768
0.3902181988006396
0.312565524431747
0.0704851767787951
0.4211315604470942
0.020718453748195354
0.1293631794044962
-0.10116741649634337
0.21271710141930955
0.26200750385014926
-1.2512195218175062
-2.3236246859408554
-2.4366155866675454
-0.9683557649786015
-1.4622527214955277
-0.22650811786648953
-0.1540215423757185
0.2804619115260239
0.12140926905771345
0.2737849014072241
-0.03654785009949214
0.1507444342890558
0.122365865623196
0.16236242702666046
-0.7730673044911809
-0.28827581702356925
-0.2985116695692657
-1.0423512427548491
-2.2266111946578873
-0.8395883304356944
-0.1890815154339437
-0.7559457067915266
-0.49603168347365906
-1.810311511299354
-2.378232098987069
-1.4532866508227715
-0.33242451076190976
-0.33870478200034465
-0.01914972970804378
-0.4629931723385112
-0.4464720829230991
-0.23951788801139845
-0.03148846751429477
0.17646620648605582
0.12245918823380648
-1.1016165438265357
-0.4485720522099281
0.252410744178684
0.16013604812742105
0.3828803586949727
-0.18227711654427697
-0.4584728145551926
-0.5992127469622286
-0.8514002469504646
-0.6030896912478271
-0.4694940919211112
-0.35133011319481117
-0.5834544104272608
-0.12108040900694252
-0.15432259881639163
0.3695342421417
0.7729840048464826
0.758103111108982
0.7907856308848508
0.6815474652008167
0.7772988478281739
0.6132285353041637
0.14946053920984995
0.08911388481368313
0.1897955459844095
-0.5293584886198277
0.21038595018652873
0.10351691507465335
0.20107909312915953
0.529798399772466
0.5165826425135212
-1.253367757163586
-1.6982434912768534
-0.012210303614988312
-1.0574028702585356
-1.233548426452498
-0.5145276768125085
-0.9833440532751594
-0.7287105294171013
-0.17085476458360946
-0.16871868744691687
-0.27917614114311856
-0.6484261145691359
-0.9749232111994542
-0.6309726940896666
-1.727522983279541
-2.534307254091545
-1.6764648669286502
-0.18222649339900002
0.26025471177556597
0.15959741522313628
0.275716304062621
0.4100702853570819
0.5987975923459603
0.5019683734789564
-0.16062520417788875
-1.1833461846917093
-0.06677037930885452
0.39179957572437574
0.3085966584820671
0.23934484219915525
-0.7296931531755992
-0.29014067459823556
-0.284775622807208
0.19037118522939803
0.49874141551475826
0.18278238485069526
0.554472214813527
0.4051796845537885
0.34627819760991563
-0.12782190414538455
-0.6002053779309677
-0.47213255909663254
-0.6119725646341592
-0.16284181110919016
0.004102535817883232
0.4240391593871041
0.11636587423607309
0.5279107594341456
0.7792860650302118
1.106371948351497
0.8310745849269562
0.9784054053736819
1.1069029611321963
-0.3128267494752548
0.6301597534690712
0.5020846695213829
0.6285054335289082
0.25597047536925666
0.13234283772098088
0.4757096799490672
0.2095114998913487
-0.11454222034395628
-0.259476552139032
0.010219554976303098
-2.3326609922997665
-1.5016623406586156
-0.2434648143174788
-0.22499487666159843
0.27616223615091606
0.41286649034889644
0.5994476448827558
-0.8720304470968293
-2.4018586284160786
-0.9862478046619098
-1.5081261382652913
-1.5870149846680062
-0.49259171677452573
0.24321686176303897
0.5467459120347576
0.3828241164293272
0.21336090470123886
-0.488713927647724
-0.0021137547238944767
0.3674259970981052
0.24938348523074744
0.24625479446662146
0.5624775683789243
0.7116699139994829
0.39156699277722057
-0.22496264245840653
0.19991682184588783
-0.9225014913273826
0.057880903049076976
0.3090865667629348
0.012664408485855946
-0.6043072697059488
0.3769108941272323
0.44930900618047886
0.3545506554859924
-0.5193018440009256
-1.0112682399330348
0.49128078439373585
0.8500733046302071
-0.21682401333439558
-0.4283949157674164
0.21823835496510213
0.5287223853971545
0.711351531568317
0.5446930646978356
-0.5530905452126182
-0.19018927672982358
-0.0131825000005055
-0.09932662132868303
-1.5723495933414473
-0.25033381475874555
-0.3159105949677064
0.2921046806343206
0.11577172952200326
-0.45336135390503074
-1.1482113163368934
-0.28125033157667034
0.5298114825328174
0.4444810496907641
0.41002929488834855
0.7683154498334022
1.0609204844865154
-0.1386007922858558
0.3219409136115903
-0.31785547849774526
0.2678807663769778
-0.29124166191679657
0.8309557474071405
0.542301460469488
-0.3972205536627325
0.23556635291148872
0.2617926901521109
0.10796831225646697
0.38685242114300494
-0.15926315848615777
0.810521252951591
1.003612044140356
0.05371067670521455
-0.44249537885338003
-0.7857746282202291
-0.9014546632569006
-0.6064338228189116
-0.6047277668966234
0.008776151667637407
0.057289383911317104
0.24947784993682032
0.19174767387187067
0.06960158998150173
-0.4149881792638972
0.2988015255313708
0.2002252740906525
-0.19710724511609154
0.35131957825626015
0.020448800819077562
0.5468681796391563
0.12512117732082886
0.6968735368732435
-0.3490377998347895
-0.538660593298325
0.09649666491819948
0.08080820358396443
0.10867908690020883
-0.19141088846265839
-0.5763495666154348
-0.11319316293556951
0.3008176708470527
0.33566851186830593
0.6758085590558507
0.5985502233915175
0.28275992562185975
0.5930292821501184
0.7002293648040274
0.991385658276775
0.5928748497789234
0.678305313630799
-0.8734247604123715
0.02844126078311022
-0.655047149012241
-0.1359287628201294
0.30848613233981037
0.4926314469596835
-0.07575702779760726
-0.6741327920783156
-1.486615834929494
-0.675269383511589
0.06556469165674837
-0.04852327879316483
0.18557362086480764
0.3177682519393114
-0.15461570983500994
-0.21268905745354932
-0.008271008287471047
0.24089710873950107
-0.09239739632597206
0.4290311495979734
0.2868661731884363
1.00334701796907
0.9394566620508259
0.9278334064935763
0.95848133009461
-0.15101513029532568
-0.29858390380434474
-0.18190320492741516
-0.04282464542459259
-0.16999325950742097
0.3903246371459367
0.6509568183730471
0.9575922070127889
1.10520508359407
1.0133275681427907
0.9887125944994365
0.5480477457233875
0.9099116225917636
0.8754255127241465
0.7148703187378056
0.4797047930175057
0.5066730886772101
0.2516149810568106
0.30979006545530796
0.5982382158720484
-0.41324719028866946
-0.08565160139737553
0.23482599403728452
-0.39285761385197016
-0.4411816200367425
-0.47308753583141555
-0.1680869290353798
-0.7227016192096313
-0.1604808985024702
-0.03678875798632128
0.21212361329828944
0.15487972001698191
-0.21121179991211222
-0.1267494410609619
0.1764966748456416
-0.2891645413451563
-1.1146088504058453
-1.5241407690777011
-0.9840682552087472
-0.7177040159938191
-0.3407811376688512
-0.2989442311665702
-0.38185584847787674
-0.4628092576436753
-0.5267425981143573
-0.29831377029615147
-0.041415743321790315
0.06559866902079042
0.3413304256378445
-0.06396506399200992
-0.019278102381634556
0.026165838492945095
-0.304249077565959
-0.20913109148935416
-0.539576007780357
0.4024047180086392
0.5972738796156972
0.5114695407541023
0.5896072457013117
0.5810636915149904
0.2287567528334603
0.5107393580111662
0.41712785498237115
0.6122132686572237
0.7343715328572918
0.4669657177936537
0.47284401240094553
0.508899457675293
0.3046771796466406
-0.2183044985662097
-0.27432078762620477
0.07334449453832692
-0.3338132519144419
-0.11885220786008634
-0.058624918312069285
-1.255826868354068
-1.2753906685634429
-1.879519743771796
-2.128179788064682
-2.1042201957814646
-2.432455075989157
-1.8986210963226364
-0.6198673034904026
0.03958549479475497
0.1112331295957279
0.31974345690913414
0.22826913004675578
0.31791199464053127
0.5709794057739973
0.6073454691324653
0.4136113592154914
0.24826143218899915
0.24302310100279678
0.04224375094262379
0.3356744031342705
-0.1611684799909462
-0.12776447381300804
0.3408268853526792
0.32877940640137077
0.1451320278425789
-0.5321002705066952
-0.21349445475003032
-0.0293597331739571
0.4631807794460517
0.48498511201792194
0.4895938899128765
0.5712474462862823
0.5279016809074029
0.4288563620872113
0.6194254661455916
0.486143715885658
0.17760073884574532
-1.284478571376819
-1.1911420834904713
-1.3735774846055397
-1.2396331399780227
-1.2676628416210773
-1.1809799575990132
-1.4979862521795488
-1.2858448746453273
-1.2637910954456508
-1.4810937428652027
-1.1895167503820632
-1.8503511186502735
-2.255170859466737
-1.8914969529843697
-2.414955642204082
-2.2857880068092205
-2.338650522570519
-3.0775235033260273
-3.181262779032261
-3.1515943291164357
-3.3797194780688797
-2.432312151929974
-1.7642434932628683
-1.0353868032179188
-2.0452827003377347
-1.5291009144420367
-2.0411798962352226
-2.3185553317567273
-1.5547355920531682
-2.4716104128811307
-2.04307618996073
-1.7040880328480792
-1.149099490762417
-1.3103027954404598
-1.6072253821479547
-1.5457159840698895
-2.031168116962615
-1.9672099660022755
-1.8328025014749916
-1.5497350065500082
-1.5510819015035762
-1.2538810523349915
-1.1054660839466506
-1.1074785861923557
-1.2807221895450822
-1.0783999350012232
-0.7291967091334363
-0.6351594468400202
-0.9554714945374706
-0.9179352244826793
-1.0269209971654516
-1.1432433155195678
-0.9972918655214948
-1.048672316626672
-2.245884799078299
-2.313975128771758
-1.8157092524203453
-1.2910156021866688
-1.2758609628944457
-1.241247930569359
-0.8532228736128211
-0.8690202655248105
-0.9388864268376734
-0.7910758635382309
-0.8039779984414638
-1.5505451519949158
-2.0180542667427437
-1.362846731728906
-0.953332987047206
-1.54577964411958
-1.5784244025060368
-1.792211702357133
-2.371251074322265
-2.423228543814803
-1.9498690352787085
-1.9728117127805933
-1.8318159616592458
-1.6344077408065965
-1.345650577000104
-1.1691417323824145
-0.9388203629890365
-1.2784506637068498
-1.3747621928561928
-1.8755299102021519
-1.5717322716872397
-1.8891311316706687
-1.0269168440773853
-1.095845551602476
-1.4003947198022062
-1.0555471430811814
-1.8418901208150342
-1.2532047630048724
-0.8345859435594528
-1.5355860105869725
-1.6036919632429256
-1.349879145516074
-1.0861974865175612
-1.3948250682706214
-2.177067092839011
-1.696784313477079
-1.3008785874759665
-1.6642031369055252
-1.6263260299613642
-1.4328037822789463
-2.348102080343545
-2.68754539358628
-3.116935272207506
-1.7188934960194429
-1.1975765673297865
-0.9247203416956015
-0.5482981449210438
-0.7965422172598565
-1.768357079258767
-2.617456434689587
-2.984759077631256
-3.3483633001084305
-2.866851715968744
-2.8431089975078865
-2.6297354435196127
-2.583607566496183
-2.376357368379656
-2.7597441383080845
-2.2762896683471543
-2.7038202428595217
-2.484683342178248
-1.8185857491536848
-1.4768212680665063
-1.4494752333705003
-1.7731754684073922
-1.4135963733792916
-1.8884484810793143
-1.7790750586644606
-1.5938768885132897
-1.7141854889508823
-1.9781227136669821
-2.093727545286207
-2.8668312059868084
-3.0187002525815867
-2.9223279711160366
-2.9338163589091057
-2.707384684014314
-2.33297672292388
-2.0730819151775957
-1.9241383149467686
-2.0997294374646622
-1.9083975914401452
-1.7701174742911527
-1.2856759124150083
-2.137598427877776
-2.3257049584106504
-2.5463236838878185
-2.8128025270061974
-2.0178694495465654
-2.152319958073731
-2.556611901367617
-2.389411748501951
-2.66349424467843
-2.8103761914529524
-2.7600468624695966
-2.522901261297631
-2.2271892523372774
-2.399043793576242
-2.852751265941604
-2.6593827001895134
-2.233241279639678
-1.8915202296112072
-1.8170267469268984
-1.8864390722535451
-2.596171766419829
-1.7780965265182924
-1.4381906338627728
-1.3935884329541492
-1.1331629298773278
-1.5044212734132003
-1.1635730012937868
-0.909142279833778
-1.4046892298280578
-1.0901797617196023
-0.7332937424814429
-0.8731354719357431
-0.7003357113422024
-0.5207545635256748
-0.4412335255370944
-0.7322210021420508
-0.6093641520888844
-1.2917434492859408
-0.8233251744215208
-1.3847245531941434
-0.7167031073802277
-1.1925025361545005
-1.1137092515805802
-0.8271334472344782
-0.5342938856740306
-0.571995867995367
-0.9681774395983643
-1.0597801936764781
-1.5050304077137744
-1.1629196410267546
-0.6222572484914408
-0.9211325536789214
-0.7940322040649964
-1.0106297591473976
-0.7363292471403475
-0.40317264849241435
-0.4228697290190063
-0.4285530747558615
-0.4172522604370657
-0.4332538924107451
-0.3430707948713613
-0.6578282777904221
-0.32095081895037475
-0.28697060005628544
-0.3245283002346945
-1.3341512152939803
-1.7984556613699023
-2.2615758812812454
-1.2734704283464666
-1.4535883597044532
-1.2909846730953045
-0.5685771014638494
-0.5660768405149113
-0.5976699167352436
-0.5167484965455855
-0.6806219676910067
-0.11454192753148743
-0.18913070566186857
-0.5233479491261247
0.01902656222466649
-0.3028881828538432
-0.2760744970382596
-0.26374138872188113
0.09162303265899581
-0.0888352365178086
-0.46488806555401063
-0.28821907217736115
-1.243549878931552
-0.738039976526911
-0.3996147257740006
-0.31646806158001717
-0.3896722042657896
-0.4873651093321023
-0.6379858963951847
-0.6169478272245197
-0.5604223079140118
-0.4257146094731808
-0.5897573865822827
-0.19030383461859998
-0.02452278434488818
-1.0168098744398757
-0.25526445637292855
-1.731065880606903
-1.003261289719003
-0.4744063069599896
-0.2592586493490352
-0.2827116418603968
-0.09123317282985896
-0.19160485531238752
-0.7238978539867454
-0.36699146069827737
-0.015295583702045645
0.0726173038870343
-0.1204998871123716
-1.0098209728316863
-1.3253375217660424
-2.2809712966732203
-2.4048344499997873
-1.1798850454558327
-0.28680813548714784
-0.18682119372102837
-1.508188914035388
-2.3741178863903682
-2.9975080798024343
-2.3030346186542374
-2.2095655172107005
-2.147424536576942
-2.100490289997824
-2.0922945613441972
-1.9163863020859178
-1.5267000146202456
-1.556754421459081
-1.53158204909632
-1.4212756021592794
-1.3191195854035787
-1.1487908883077518
-1.1756358325923488
-0.4519985852692954
0.0894908463516345
0.13683250078380985
0.293666150596356
0.5843502875064674
0.7161997303181238
0.6570202418179658
-0.3187959747591722
-0.32265042432369895
-0.15579361924658236
-1.3824374820313687
-1.8514958579472056
-2.502577168614285
-2.8734473679188732
-1.573167742953372
-0.35640976872937524
0.18950546871559404
0.349041982386996
0.47996925771504073
0.537245315690386
0.5570449472627197
0.5849505736655933
0.5200452228715167
0.6116739658719735
0.5606736436241049
0.13240872519667532
-0.235421420225983
-1.1896817639424646
-1.6951367054327642
-1.9599405744255962
-1.9110459195643292
-1.3219604932829003
-1.0906431782563577
-0.9243221848358392
-1.8359877038882617
-1.1372902981024657
-0.34678441051036324
0.05455050318679181
0.6443014574831867
0.35923609470446366
0.012034850832993417
0.0676080750377632
-0.16728485213705946
-0.23679294495854888
-0.03131609454685323
0.35466474717651897
0.34660200379324957
0.4075405964778333
0.026747241794079113
-0.7299904199729678
0.3767890443699946
0.6689615293321227
0.958139786158584
1.0569413025506564
1.1477267203852553
1.198622384562744
1.2496985306809176
1.1878983825964002
1.3342920452880371
1.2705673284003136
1.3145237512353007
1.224117317304457
1.4383988597994308
1.3053523158423441
1.3870507223634556
1.4289358999493447
1.598508527657529
1.3515253946515737
1.5836967055570406
1.6516647879173236
1.691241839717046
1.245017060990409
1.6793079397340414
1.4754879827320118
1.2990023766387664
1.3720175022636345
1.3398088610331915
1.3863676566554162
1.3948275910551726
1.5361144504435735
1.275555615023105
1.6462236096602996
1.1903474266279004
0.9254120961352115
-0.077688129111039
-1.7207695027455792
-2.7366057729660804
-2.164872859025092
-2.632465960530906
-0.18771441725149807
0.454833588870359
0.5544718911234101
0.26816867052064874
0.5203011507573889
0.6612471806208007
0.5710278368263431
0.7745165173140962
0.16187750869002643
0.10098224813968196
-0.0651114936778667
0.04513350535057156
0.4034594786290116
-0.29024293389865996
-0.5689256209663728
-0.03269143395793109
0.5680624923042408
0.8364259886286901
0.2989663149163783
0.4824048925282321
0.47559712296851764
0.7821202775806537
0.8808777816702947
1.0786368909667428
1.1899361152999965
0.573448981815736
1.0299413954556427
1.3387666269374097
1.2965189222136715
1.0060132295363178
0.7750982500817039
0.8088429652047363
0.965867324760348
0.8933031697559627
0.9677996374348273
1.0197667661633598
1.099179277897491
1.1010958142093128
1.2424684348398651
1.1862647287985095
0.6370800605039493
0.7383114509564455
1.0493751353023137
-1.3613117300335482
-1.3616440073369083
-1.0902328738842135
-0.33740615046234224
-0.8236373668355934
0.11650376920278929
0.39329691491389007
0.13145779216018313
0.8301323582952752
0.7862680602057316
0.9859904959240353
1.1929601187823453
1.3088677394174322
0.8961427165735307
0.5402588368612141
0.49253596204703587
-0.6814000101088805
-1.5646846291116214
-2.330060504492693
-2.053710292194561
-0.3075209317217984
-1.8011494556518235
-2.3066178176669125
-0.9937909806955533
-0.8552014931166892
-1.584445067366345
-2.7396405088610414
-2.102746229964809
-1.2008181436020249
-0.7386296742010988
-0.13575014691810436
0.02666707992423488
-0.23851699628130726
-0.6168249932552152
-0.70683199787697
-0.03773597545735739
0.4303332414494003
0.739940342181846
0.8651643097834747
0.8250578855637258
0.9079253694239474
0.8426579041458256
0.894109678941038
0.23864143711426078
0.4683517933842499
-0.22175200430253625
0.25429459287615463
0.41151111544280927
0.25658988681901196
0.46740884804871996
0.7953616002926682
0.7938768464355065
0.28794112660208815
0.935601391810111
0.7052592589117341
0.7227837075705048
0.12563049185165345
0.26939941181764776
0.14087758810490583
0.16113039977398108
0.12765558782707428
-1.335392664438354
-0.9693443151649248
-1.756200703369093
-2.2822178269783717
-1.170211036430394
-0.8140025646588539
-0.7213703837526829
-2.3356189290404403
-0.7731672692418741
-1.205989172140628
-2.1907754031864752
-0.41019632422241836
-0.165363826337823
-0.3478515237832854
-0.31444045768625617
-1.0118036077075203
-0.8616545816928266
0.05025933659329427
-0.8651421451487569
-1.2482712199599657
-2.0193504799680886
-1.4910893872161868
-1.6625622088246907
-0.5901894028434749
-2.5378501927714905
-0.9673267231821927
-1.8027108369647178
-1.7095498120729464
-0.05160265296123761
0.8563542552566523
0.9907822982914488
1.058038583888122
0.9464760534281059
0.7592920996272448
-0.2942953776336589
-1.0729829319556936
-0.6115343916605878
0.22451074603831384
0.7906759700826818
0.6671971114184009
-1.1902728992451397
-0.42417955188519074
0.4355019578284869
0.5643095671836688
0.9767134663951561
0.898529635000981
0.9458715498735811
1.0278711075581295
0.7603163463749465
0.9827155239136773
0.7897445293268669
0.7826442258418276
0.7415293606885439
0.7863524454761233
-0.6839953098806757
-0.2445002410915206
0.3892871029610149
0.8400967578312952
0.293615883660886
-0.5678591071556912
-2.724897759339759
-1.426777094406303
-0.3376092476068059
-0.7895686737077353
0.4307840559816927
0.6833390061915544
0.33730508690277916
-0.1359259101573317
-0.2572821670926512
-0.26407293169745194
-0.693866786392082
0.05217475242287243
0.7000314609724252
0.6391117085065134
0.3950354004839665
0.5395062415490464
0.6868564646294387
0.6900120104276775
0.3768890168823568
-0.7801473072955132
-0.4067380522191325
-1.4100489429727243
-2.078312597721427
-2.3698697257253545
-0.6913401764470258
-2.0651362599427165
-0.3835373409626798
0.47099189545580994
0.8216097122031941
0.7813736695076375
0.43759883221475104
0.5884872949565566
-0.2238752656465308
0.4977486831961545
0.6106153523677338
0.3023568097837954
-1.186976346275932
-0.46875212096127833
0.08639005409330586
-0.16637941265807094
-2.4383474614760816
-0.6816160468609204
-1.4844873755902963
-0.364062258958066
0.47092185122040486
1.1067754882312797
0.9414508375495179
0.6645549019239052
-1.1841863175002738
-0.5033011700827797
0.4451271643559751
0.12840148129671683
-2.150314154535388
-0.2581439939760929
-0.26813134514674897
-1.0223664995815096
0.19085600881373935
0.22964870027601847
-1.8588179570829122
-1.9162757141416742
-2.677854993226025
-2.3183446589153487
-0.9693652888897994
-1.1684985287536789
-0.7970964787284651
-0.6786051220232145
-0.6557278391953417
-0.5479958635750842
-0.5009505588697364
-0.14707499062945462
-0.6973248042785863
0.1282980233597671
0.020816763866119685
0.3839115388824473
0.3662879921060104
0.10394084385677947
-0.3958327558103101
-0.04155248865025928
-0.43218186549388904
-1.4039582794297614
-0.297797798922095
-0.5646228582584181
-0.7515393286930717
-0.1420827234676276
-0.9600394584700945
-0.5622056478454754
-0.058379994091142
0.598821404212952
0.7912698746755967
0.7669452580256371
0.6679751264835102
0.6926175900047897
0.11996851028188862
-0.11196092348852144
-0.07016115357502022
-0.46544839643495095
-0.4584443573115488
0.04947202496631464
0.18043022593747315
0.1079621361126443
-0.3707362694344157
-0.41205065687517717
-2.154429254356895
-2.8830524701081166
-2.8212803977937124
-2.8518438264894783
-2.6260487268665176
