0.3378640651185471
0.19417561609388775
-0.03218029227596021
0.11253044689583536
0.3660262002760418
0.1867984920242595
-0.08105445157512407
0.12071535850636551
0.03221146623403666
0.26098598791526995
-0.5858610948631421
-0.7365205104811772
-0.3235034682750908
0.12071083576138178
-0.20768903096439675
-0.008808330817074907
0.2789005476996171
0.39005309426082857
0.28807588837641834
0.5747592316502723
0.5258950103450271
0.48086268806232396
0.7166666829028058
0.7548458525038095
0.8134901023142475
0.7212035380876577
0.830287672253452
0.4089656923809922
0.3557405614263058
0.22809718073940102
0.14347974988004847
0.5287333440009292
0.4718362758398091
0.5604573242877519
0.4582786108803652
0.23792446422913047
0.5676371613781874
0.3819063343118564
0.43414432023946686
0.4296986621104285
0.5023500533313989
0.8715451785751018
0.6627585120692926
0.3810133937063941
0.35376494940354714
0.03386999906754638
0.3788863848148342
0.4979255690621759
0.5391995218975997
0.4215146770606651
0.13026948093650875
0.07183151027481152
-0.13445733819755298
0.29903615898507013
0.07646807964693648
0.282953543382209
0.26344902501982015
0.056745794336194914
0.6070472985154807
0.6349558790431699
0.5824280058757784
-0.013632338668503576
-0.030650775022043265
-0.012889360255479362
0.17438408022960636
-0.13947873728163826
-0.11194367441346541
-0.29479222313861436
-0.5364819358596161
-0.4388135576615134
-0.0536201010156438
-0.3532344224583785
-0.0267399476381052
-0.07007551290376164
0.43707705607385966
-0.17444676303365966
0.09688327455633505
0.44462866813818774
0.6702462479491078
0.5573319451620412
0.5527887376339886
0.758129904447643
0.7280142560574704
0.3808026584374891
0.7828568089429445
0.9648274073895465
1.0625294665678309
0.9372095981757728
0.8642653348142648
0.9761816703232448
1.0666144042089487
0.9238753634121377
0.7100537196985022
0.8085834230412269
0.11186820100891445
0.32948415009276905
0.4575034479476917
0.6147380050973225
0.6470279899118199
0.6202484715156495
0.7097900437495346
0.6643807699598342
0.7913138645892991
0.5379535272293825
0.7207835123231054
0.8910473988523583
1.0722692401788816
1.0521790581505188
1.0467131921769972
0.8717055409236538
0.8838023704299152
0.7703702384298955
1.0132729126691988
-0.13509234072948592
-0.5253766612194217
-0.4782826623110745
-0.38765422259885646
-0.34042718347133594
-0.09879654303079606
0.11860533793051713
0.21044250908852732
-0.051218633931636504
-0.2998544484716413
0.1756124284551815
0.13328599269812
0.240731441718588
0.40246721602529206
0.6159947534444017
0.7786701702296394
0.4970328459486199
0.9210282150542156
1.1340587674704756
1.09206949000515
1.0099393270693735
1.0392505552379756
1.192314768245693
0.8178944232394783
0.7079516441096547
1.1207859864843284
0.7742517882696395
0.9367622712617499
-0.9825758266954129
-1.261413836420527
0.3106622900806345
0.7230577939787785
-1.2461606008056154
0.6026425214609227
0.25649684253085286
0.6801536246718063
-2.29128923650411
-2.4648996148687834
-1.4304199175099745
-1.0370769047938524
-1.8094048948069739
-1.6776476151633977
-2.34075325854838
-1.9982795233139412
-1.7235048425440451
-1.6451825891937297
-2.1958950571213296
-2.655468538215622
-1.8576405690311795
-0.7540542460964665
-0.17636163479315473
-0.1355956984324457
0.2821396203890422
0.6456403729899449
0.5504292064179259
0.8035576597129394
0.793700568864998
1.0343412764259892
0.7917301878675921
0.41656761139557225
0.9254234160030295
1.2162838342567295
1.0335985126909757
0.9799854151903293
1.2051441158554046
0.5552592106693608
1.0028418714544531
0.7309367815300495
0.9352742291975648
1.01968500131593
-0.004602982033650312
0.6499709710529401
0.7749692801079168
0.8890391653829927
0.09363933971424357
0.6449863405842554
0.5496176042970825
0.6468342599298891
0.8850199165612525
0.720222202307096
0.45608950660487996
0.5840002235458062
0.23916243112760857
0.038980111579006146
0.29308774831983225
-0.8699021754917544
0.053003640946385495
-0.3037920018774914
0.1138333640835615
0.27473558421185496
-0.3837446864578749
-0.42235057592704806
0.028495309453172395
-0.3369202266343592
-0.1752710242069259
-0.4835388502614921
-0.8575884672224253
-2.2811619978308184
-1.1021160517524466
-0.18211019204628198
0.142210903395702
-0.16956774064322605
0.2889684627448941
0.3688211504107812
0.43449615832064625
0.4804665456117063
0.3529009362638584
0.6763580843426753
0.8356732598172322
-0.13589976458098701
-2.4558754919369052
-0.524340148175338
0.4114184213638943
0.19851204616081564
0.7994551786170397
0.4536787148053669
0.014572257811386087
-0.052646559778108504
-1.038537730411991
-2.0542196072680676
-1.6184900379247653
-0.8422421177054824
-0.6386222299374962
-0.7455061277514202
-0.06444394937741431
-0.04711879663653002
0.032353007881860005
0.29918890707625606
0.4261714664730677
-0.6145916695138683
-1.934818711783054
-2.098990182121839
-1.227112801677372
-0.9321985801444213
-0.5212786825285801
-0.6896737313994211
-0.31912992390802764
0.3660806501165793
0.7747168833080008
0.10328947693616146
0.20022477353582135
-0.9793514123522756
-0.05859632291450321
0.16209537338038846
0.5273787153187474
-0.4290549053786235
0.19536023260265947
0.22064676065058458
0.387005882788012
0.7098604792250401
0.16544957509193362
-0.0686024269382712
0.8570333740483038
1.0543122581685724
0.5495757709715547
0.42103328614937763
-0.19528048839323647
0.3586559111059403
-0.20635082042704642
-0.006667438516025702
-0.1519632703182887
-0.28387972448893845
-0.5371937834447943
-0.01448893565324591
-0.5771856520955311
-0.7531854409323311
-0.9454786679403231
-0.4532950993343177
-0.8998085940686905
-0.8562446475737672
-0.997121092589652
-0.6623846796487791
-1.003365457591455
-0.5213637681052902
-0.13173758021359988
0.021311939089096562
-1.2967286494517463
-0.37042637281029583
-0.5836476678342591
0.006518918764380411
0.5295715903111232
0.028930303418103487
0.22080739642567912
0.24882333558739908
0.7410497865817229
0.8190645596141716
0.7812453922267188
0.42242212278886543
0.6425331708352425
-0.005945172062215878
-0.8307989974899367
-1.5578984820291029
-2.2895363538721716
-1.133189197247919
-2.6028551534725857
-0.4901985862722892
-2.557466872090735
-1.6491620967015181
-0.5226774156392893
-0.5938952962502467
-0.22132829313960328
0.15421591761769451
0.2137373331598233
0.42104034167372156
0.4992857866299017
0.5134155687048472
0.22269635639514046
0.12025016938139456
0.2764214994179888
0.5900091177404513
0.7367112365021455
0.9677254382187147
0.3158317382616377
-2.3135754590896522
-0.5463006222580694
0.0023996023695295196
-2.4929722557403298
-0.2884655407020456
-0.005306034539345227
0.17588279406335744
0.10357371596596775
-0.28738673093272943
-0.3757309944296857
0.06674520386662454
0.28098320538503624
0.406557506168632
0.2788135415382932
0.22189046314226793
0.09779500902896777
0.5475707676968564
0.8007873361408623
0.4096302852119283
0.7198755639778869
0.8081074943418783
0.43190561821618484
0.49128233151158857
0.3136696494546286
0.33983795840214254
-0.08109498731570083
0.2541162083885461
0.5141302689100156
-0.6638681351518613
-0.4178061618572907
0.06703972466111104
-0.45300753990289183
-0.16121689627436273
0.8538165667512718
0.9158178317973552
-0.4331363630331905
0.10005300018509555
0.44872832207773033
0.19594590352325933
0.7999483113041962
0.690249075322161
0.40225065768741086
0.0023213753021506735
0.5940180759484378
1.416047547530724
0.21158728064167884
0.456309034147799
0.6666429428222758
0.7278516736027107
0.922500191532092
0.6639097104897893
1.069504972890262
0.8107065379971159
0.11522427978895168
-0.2485551516049093
0.20685746989044668
0.4774788822066941
0.7313275758792618
0.743814255570932
0.2272565190577389
0.5491630015107071
0.9388132873429741
0.6754618515196013
0.7500724526656999
0.6944127405801039
0.3634547783029118
0.5230874998903864
0.47382295620665676
0.6899092822681541
-0.26565852864131173
0.3086689935092437
0.620371157511285
0.6726641561052541
0.49230432725564727
0.04126932222994569
-0.6884678270723585
-0.1834421675086262
0.31273662582908063
0.5960582708012979
-0.22665049127534945
0.15438823123363307
-0.033570260116729256
-0.26413602262061225
-1.7764368481459063
-1.4683649569955215
-0.4495500470563167
-0.07220840412365913
0.2944463346263221
0.02031597679113659
-0.5915817389738335
-0.4003219859734829
-0.1755357436672678
-0.32319969195999937
-1.8822854926046024
-0.4808497632036993
0.10526628635663061
-0.0018280868452825647
-1.4117817888727902
-1.2540512568033846
-1.4435903225268507
-0.9618339314304184
-0.6821085459760664
-0.913173020047487
-1.4537835344612484
-1.9247505938940672
-2.2749353731524096
-1.7154222145012448
-0.7308714656158812
-0.36857154636639977
-0.12064446712310065
-0.37928993825684715
-0.4109545678503684
-1.0371479732828424
-0.686917976328363
-0.11957895499686481
-0.8195406387703715
-0.6824770224758409
-0.2650279220707678
-0.07045489665956098
0.5234571680075836
0.24328519927548006
-0.6247913757972123
-0.16605564969944872
0.4015210395362785
0.680193425417815
0.7673304297115612
0.9100998797625416
0.7459639890620198
0.8403220012012655
0.7825667585190582
0.37380792984381966
0.6315620098246868
0.3747624998005835
0.27835747604341876
-1.3442331534625127
-1.9759979686150904
-1.29743474784619
-1.3193565219044798
-1.7752767590603156
-1.0009063452861156
-0.1953351131966913
-0.8827089240792061
-0.5853941451421029
-0.6342293827695146
-0.6381517549784717
-2.3318300287950064
-1.4306467685844264
-0.6520323532725989
-0.1966280066487764
-0.2608283030675391
-1.577449716917354
-1.264209638833149
-1.1260766348444435
-2.042042080882458
-2.126496647017971
-1.5354117113350223
-2.129730017597432
-2.4563966517995968
-1.3713338236239616
0.057018687840568134
0.3180252418489585
0.05139519920997514
-0.2584094498611364
0.2600732983419614
-0.2064387005006956
0.0417617059809638
0.5362077006364334
0.49727117556118533
0.41155059486542866
0.6637999503588116
0.40256361549269265
0.5723618292422797
0.555198856255881
0.472906290393608
0.5408414780181693
0.13514494790449375
-1.6698080148212744
-0.8178966161273964
-0.4452939159109123
-0.12942895808784668
-0.04136248507810636
-1.0415413411508976
-0.6737997547511849
0.32591378756012823
-0.19418804093194317
0.6174086094631852
0.8628663877730096
-0.26167453634793
0.6182875877631692
0.6821798344070366
0.9752768070009937
1.1047136668689397
1.0656182009624646
1.0499260679953093
0.7604016961402149
0.80204037819475
0.4071012279328433
-0.4009130256003224
-1.7112175161608014
-0.9461437802037833
0.17227226215256874
0.6619287144549737
-1.7661050758707486
-0.7394549205321638
-0.5070758019016393
0.17504992995003457
0.36647081079520827
0.3710518790135656
-1.7982585119459353
-2.3980103213568436
-0.41321245927111633
-1.7175915253968745
-1.0894342321207873
-1.8062753081735574
-2.535020678826495
-0.9497042914901657
-0.47699899677086793
-0.8632536634363216
-0.19481077159443042
0.38090797708320995
0.4052799734660569
-0.1363551290100829
0.28214060417468306
0.5968467342343694
-1.420320874190782
-0.4221024220890118
-0.10968765621657707
-0.299965435599783
-0.597128960337546
-1.9780697116455384
-2.4221551227758775
-1.7406441986766266
-1.0157582153759508
-0.8612327369455344
-0.27203836535655207
-0.4924846660612901
-2.049027321072036
-1.4074609056500214
-0.31786459136876594
-0.07357441569624701
0.14812209954175468
0.3970067362255475
-0.14532551196635218
-0.9862449064247967
-0.8336443665844258
0.23810452371431734
0.5881538515347315
0.2991922827909604
0.4130033621468386
-0.1467989025970137
0.19035401261662188
0.09075752514407077
0.09481050009242767
-0.06476943532367097
-0.5484663514758126
-1.5235054947507798
-1.9715656982150271
-2.321905215435848
-2.3327358680847903
-1.2590983322443066
-0.8314137489504055
-1.5793481195355963
-2.0679559580535845
-1.2267202001675659
-1.8752448678395026
-2.1609732072445054
-1.8842015809146404
-2.0997536258924816
-1.760326417354801
-0.1035744432805752
-0.9861447904588381
-0.28621530004458745
-0.13480620536033344
-0.9340612426744263
0.2511407968841425
0.02070733728907372
0.3765403219118396
0.9061130941816332
0.9452212978946719
0.36754618652028104
-0.09018311150291417
-1.2398489648467346
-0.32059818936003015
0.0710711393857428
0.34349222106625193
0.17865404372902075
-0.3736855543671996
-0.9667062601456616
-2.029312231358671
-0.887580084549345
-1.1522428620305494
-1.1306321521717784
-0.9548757206154856
-1.572544732611642
-2.2272751672530635
-2.499446173503636
-1.4758033178086714
-0.9430594878146275
-0.8804469661375469
-1.860999211709382
-1.2132401067507128
-2.0309884149342023
-1.7725982589602889
-2.086453478136638
-1.0909153341791151
-1.2285370039103647
-1.5180590035321724
-1.5099785813539754
-1.8795040765504276
-0.5720378816452182
-0.06646103807533586
0.3871048038831604
0.3613003597656297
0.22835188737347906
0.2896534014689471
0.3355371997584629
0.19162744112936655
0.36178288460315094
-0.5838935225822254
-2.7525259403634865
-1.3710503940395011
-0.4626273533846807
-1.1082978702706474
-0.9184460717470504
-0.8511187099762381
-0.32888129446990316
-0.801821864310817
-1.028452662997326
-1.2731859286903107
-1.8053230964793359
-2.5607979726985017
-2.4062302452840547
-1.8367962403522664
-0.823375612202492
-0.5523121675860259
0.0520516826270825
-0.13288851595076595
0.07514347639818506
0.20029952586271396
-0.4000222096145239
-0.12425637657383216
-0.2128830045665393
0.5429189388758922
0.04296873508562606
0.6134858094677191
-0.10933489592034658
0.5200282671229871
0.5765941529428023
-0.1176849683108028
0.2356347684247877
0.41316121419791824
0.5299982348870474
-0.49460815201006403
-0.03259910823375292
0.2714544301045051
0.46447272721334837
0.5183484170400269
0.5934170643320283
0.2714586827174868
-0.16108007956644718
-0.3990252304309929
-0.43969084166366795
-0.36220008786822966
-0.17487355273604366
0.42602660111564894
0.5799489706028383
-0.20178960270749607
-0.45756264960794474
-2.159287384866231
-0.2940137619306863
-0.4690768712626604
0.12790486504772478
0.14207561136502014
0.1263888176425554
-0.6010164736892291
-0.6188855694299306
-0.7483137453163344
-0.22290366316157442
-0.312730031951228
-0.12771738789211148
0.21640196925189395
0.45041047873009366
0.3599200107562476
0.3536614285721354
0.37585849852888614
0.2867688034841694
0.33862897577704226
0.06194891887327118
0.3177242330218658
0.30762737021853753
0.44159706144793454
0.25209405151792125
-0.22483225130080614
0.26565773228464734
0.43584597340358305
0.30698350063251273
0.1461900351689343
0.018840440785883334
0.4481562739615615
-0.165967555636336
0.1228266881614695
0.33145298817207475
0.23146202324564621
-0.8284307804133418
-0.26262946054152164
-0.23291596892733088
0.008539183100548879
0.02021261367191441
-0.05400253968403269
-0.04228414838981186
0.046502399804887226
-0.1462543683239346
-0.5158078318617886
-0.6526729037227393
-0.3330524800540936
-1.2057063638237808
-0.20587269072371045
0.47040235652810275
0.42227629540544237
-0.27485913223138964
-0.6748585092101467
-1.1644843691100568
-0.5053650061858268
-0.21490760618437701
0.03954885041535659
-0.10533106957688819
0.13738127033456965
-0.4363294863896409
-2.442758824590043
-1.7395363097433612
-0.6293478813071136
-0.023082206901728314
0.010577303290286244
0.3898190346843658
0.07181372912655594
-0.08259112835837303
-0.13854559107976838
0.023294907491719828
0.13030764797290903
0.07780114974657493
-0.5519811265882266
-1.2973293669127732
-0.2751250794391031
-0.3232984670602305
0.11307032620170546
0.039241090496008754
-0.30918766749057475
-0.1714636076434757
-0.2560091196254532
-2.228164644678152
-2.391943945220447
-1.6179105019460347
-0.205863460305142
-0.013100741089637127
-0.29206067962998256
0.28176950652899574
0.4036524946650757
0.5397784311647749
0.1887138054149174
-0.45338717787775
-0.5444982845189908
-0.2808930871786498
-0.8963408132346495
-2.2543657689916765
-1.2918288927142463
-1.199884264776434
-1.1105599179057308
-1.9228650802860463
-2.407335087383607
-1.8842997965368464
-2.139702693712968
-2.3731056325849633
-1.3073499329608111
-0.3839163370234448
0.13282970680581668
0.17088081488476975
0.3324359855915933
0.29043516729718494
0.21336391728483603
-0.7575437538785552
-0.7459127088501276
-0.14168638294245042
-0.039396619561209135
-0.43799814047087887
-1.5990222612197624
-1.179876315069355
-0.11067476560889562
0.22304525812943468
0.5269049675553567
0.504126447169132
0.34860041115031065
0.6009422464215497
0.7784583890900816
0.9480769704896066
0.8040392472053861
0.4570450562498997
0.7144174478988136
0.7321043990800489
0.8991234299313751
0.11373877391290119
0.3913079658562689
0.5209193616072397
0.538899503705702
0.44707903744742294
0.39355634806695877
0.23767796988069895
0.48788439215660195
0.4608676534836952
0.2563165576508994
0.5271270224553117
-0.0834004756498649
0.2579825666755159
0.2237169562355632
0.06634146213890893
0.43259103258077974
0.5926650055504668
0.6218250936904042
0.13554244720317807
-0.2886653699000111
-0.08115821265424802
-0.5960766608483443
-2.0563880186079175
-2.3661169338666803
-1.1536052784454682
-1.4266968982513222
-2.245651777831667
-2.6247779663457544
-0.9332767495817141
-0.11487833390623095
-0.2591735608982268
0.22594759885247948
0.3908823903019944
0.3306287834924337
0.2799643172266818
-0.9637847299117147
-0.7747330762225663
-0.12036366767354377
-0.02951798789957321
-0.3239443769470515
-0.0890422047855708
-0.5144004857743033
0.05473136322077239
0.11220641512137984
-0.7676175703505022
-1.9499066308341177
-1.005844675613666
0.4619193595473508
0.28234711739342844
0.26623703398190446
0.5230245392621526
0.7676387756229702
0.33874997356918074
-1.2682177298980886
-0.4754954745598074
0.03472541206529157
-1.4060497655763011
-0.1408863199838713
0.22658661118944817
0.014766633100816409
0.37296349596855344
0.23746619226420648
0.2867059052903542
0.4528763043043607
0.3486175521259834
0.28564310859260134
0.029909104719132797
0.4518105378353097
0.041461677306969716
0.1416185315272552
-0.12030924344566386
0.18062676778579215
0.2801510600520117
-1.4181108028307352
-2.3283770436826283
-2.387042503269258
-0.9186482988491953
-1.4564307038571915
-0.2330095121513407
-0.13190229257659658
0.21757959611139552
0.12036744762849216
0.24329912953050883
-0.002852306022104476
0.24548938776779874
0.14256678229505235
0.14326952358070644
-0.8439356410326375
-0.257195049441052
-0.33871742309567887
-1.1010681971187308
-2.1925628708073686
-0.8116033422744758
-0.16502980431768247
-0.65623409978029
-0.4561275023947841
-1.73953508243114
-2.394769583776991
-1.3942952567790328
-0.37424867996526573
-0.36486200726700585
-0.030547935736380285
-0.39775455361315076
-0.404741275577396
-0.16942460078138502
-0.002642653228741152
0.19272153009876586
0.11579939914535695
-1.0771485893215569
-0.3989794374724678
0.25965803824610867
0.16340818860809594
0.3861431901991271
-0.1691461329935671
-0.4446781014983014
-0.49683959917697146
-0.788846066254166
-0.5144737086018984
-0.4663579434942534
-0.36638663846888975
-0.6077262497702892
-0.13737996625570928
-0.15306198928370682
0.37048840535122335
0.7576312444093342
0.7723703639984734
0.7505881097158235
0.7225384031778646
0.774590338146283
0.5674481187018333
0.20751050679668417
0.09846421771668437
0.19230024226196932
-0.45982561955300894
0.2420770165087589
0.16861815710647352
0.2092448521006616
0.5332474415455863
0.5963737176160955
-1.323415625959505
-1.6770160890995547
-0.009812655461343198
-1.0443639398803375
-1.1768687761829284
-0.5000655772949544
-1.032474312633672
-0.7874835438167935
-0.17796481280149196
-0.18037424829000168
-0.25365415871351504
-0.5588289565260032
-0.9292487339228493
-0.658596084761582
-1.53933944274532
-2.385217398695829
-1.6700459316960212
-0.2031710228197281
0.28702469003773706
0.17600089341184524
0.2945513018388886
0.39965916972472265
0.6115875697203236
0.5316463303532185
-0.1705342889770843
-1.161465591153964
-0.09131271225685521
0.43856176313197165
0.3762890776029774
0.24153187187458697
-0.7807518559161838
-0.29777371034810546
-0.2444028648551806
0.15991560055805337
0.47323851850576776
0.17599613881092413
0.5709338196180856
0.40615685901027715
0.3382940175379283
-0.08872861709763076
-0.5407410730789499
-0.44974014853582617
-0.557389363901777
-0.3021285890219851
-0.03342362918541338
0.35563546886328623
0.16955888055383211
0.46143695753049957
0.7751054875120239
1.1108880444555251
0.8047249385899837
1.0306556676582128
1.0574929934366986
-0.3055724485745558
0.5995840915829179
0.4890060925411019
0.5673972967515157
0.25584426882750766
0.14547538417542
0.4916338598183438
0.26269902369476766
-0.0909787696736707
-0.19611142533546505
-0.043980948184867544
-2.3031615045389455
-1.5218339407138195
-0.3721168872295487
-0.1853284885684591
0.36407214059331156
0.4299087977079195
0.605213915496333
-0.9986258725546406
-2.2777240581859144
-0.9516576294136695
-1.5042946951263967
-1.5532934213377214
-0.5925752310456103
0.330636030200136
0.5536424446627715
0.32897390514146263
0.17379964002784337
-0.4990286983904321
-0.020419631746838772
0.37906192100215785
0.2729805334625139
0.22003436418832814
0.5494219405635435
0.7359555022318066
0.3656590388686127
-0.21729581014393443
0.2320441423256215
-1.0621821130522675
0.0725151163324202
0.2928270593758025
-0.03340963049730322
-0.5680160337723067
0.4497549683210841
0.4931723049927355
0.3483893028738581
-0.509519729514202
-0.9969634655207961
0.5020084686288977
0.8271192583343827
-0.22134593263798572
-0.3986809623748864
0.20372047888928116
0.48850437976605054
0.7377819745743468
0.5330806886220586
-0.5329763877521264
-0.24585743943344313
-0.008047588704877415
-0.09194090080650306
-1.6068182198775125
-0.22961969650024291
-0.324965346920662
0.3138523775153503
0.1434463708326162
-0.535622580502577
-1.0993569794203821
-0.24048726425363193
0.4940857952468272
0.404469657679305
0.3292036020815603
0.7194221051002546
1.007480414772427
-0.23565531955905492
0.3286533769050118
-0.3096069335918187
0.20921758628716428
-0.334427866292557
0.7699586622549971
0.49527664658831844
-0.3869239351735409
0.228090675892712
0.2736058045234682
0.14641878938102715
0.412391782778827
-0.19345959429842735
0.8211910995876602
0.9980862292956205
0.05952210090270272
-0.3651208626152998
-0.7246040058297243
-0.9368819107037725
-0.5658877639985375
-0.5827009725505568
-0.007420186221661383
0.047571381247319855
0.29037269935472665
0.20038964099837234
0.05305581220448469
-0.40045938221246297
0.35740447860128693
0.215904288054477
-0.15992813709629847
0.32837745465192103
0.013576759389818057
0.6183548697402548
0.14765119561779586
0.7443425151534269
-0.32033635341136524
-0.5040032013145047
0.09996823134085817
0.10735869013579673
0.11875995230225123
-0.2433574964476802
-0.5853052242144329
-0.09081042892463022
0.3562209985914686
0.30475600202405173
0.6618467247156524
0.6382494184324952
0.27936886375324893
0.6217397996047406
0.7159317129756136
0.9426130562002578
0.5180306062953742
0.7193504662706829
-0.9039646549137347
0.0539121959134883
-0.7525430503812062
-0.1348333165224625
0.259591895697044
0.5097331627858341
-0.0912150542143987
-0.6515510671300728
-1.4297239230080545
-0.7405627029831142
0.059510376784040996
-0.06067794914853548
0.20472652455043602
0.35923908041165237
-0.16806092125230607
-0.20884663940840809
0.003935205005669603
0.24834226281344493
-0.16896081441280114
0.4237265883783873
0.2674099329758568
1.0204958781646334
0.9084503807574563
0.865263773118259
0.9261484088569795
-0.17747270287029468
-0.2795374551176569
-0.1715422225139672
-0.06720042259356006
-0.16952706984044946
0.4343347013912272
0.6767841004429934
0.9370677356173767
1.0518518935398293
0.9685939300432452
0.9164028244170082
0.5185695960907576
0.8688210548569619
0.8997091744838522
0.7186306699701805
0.41173745392120215
0.4475600425166192
0.1820254750891479
0.2314737713984674
0.5778718332772634
-0.4957637430377516
-0.09199090117650575
0.24836447668837153
-0.3654089220797279
-0.3738754925533647
-0.4683435088777605
-0.14300411771674573
-0.6912937760618088
-0.11930929226178173
-0.038532819134550755
0.19379821958515758
0.17516081242174047
-0.21439776343873554
-0.0808086664227434
0.18329461444192274
-0.24571748539480992
-1.2465393339834339
-1.6155699018884957
-1.0137786830235174
-0.7290618187079774
-0.33463399015381556
-0.27813298738183656
-0.4561890231232324
-0.48712303139641044
-0.5001285219221764
-0.28232796927132714
-0.005266179897030065
0.07557387201513735
0.3094364695037468
-0.07337162378382031
-0.020604428131343965
-0.00754343534350311
-0.31762383827018004
-0.2020918441898088
-0.6123554876360605
0.3843422733595778
0.5728753816303558
0.46751094365695434
0.5709739437873449
0.5490809900772133
0.2224009967341316
0.4860292171298714
0.41847009246314515
0.5974967520517566
0.7494023873936593
0.47201172786419965
0.4852821698251838
0.5056597977380894
0.3129949716651773
-0.23850683190379066
-0.25373057485725975
0.04881492043602975
-0.33245797863111415
-0.10496469129868653
-0.06280836611496048
-1.2907867481165316
-1.2436319920503196
-1.8742054551055793
-2.0024437979470853
-2.0416572173701772
-2.2736369696453704
-1.845238836287869
-0.5428405866974428
0.03645718320646679
0.13820942877113165
0.300240905899312
0.23546465774850775
0.2943958513550028
0.489703498411
0.5624024963681692
0.318166000027424
0.2251589454879106
0.17259258159267848
0.05954626940896519
0.3108462457164576
-0.16058004514536356
-0.09954391429303179
0.3045287274143753
0.34369524478580893
0.1519563333770031
-0.46977847629909747
-0.15396213497793734
-0.03539813008600021
0.517467690445612
0.4712191098207401
0.522872999522994
0.6061771449232588
0.44508376892145896
0.40923608360146807
0.5635691217406503
0.48844713096695186
0.14492942720240606
-0.2558275264986728
0.04065189538820161
-0.5949776223795407
-0.2682699029674474
-0.3160126071836928
-0.1528766899825607
-0.8260599637500128
-0.41079467235775674
-0.4248134195972691
-0.8756428508217464
-0.44008311261706506
-1.1550887648418622
-1.8794842676625234
-1.3204836883326265
-1.8821300912470564
-1.4566498981504787
-1.3454734446127732
-2.341173047166726
-2.376787805631056
-2.331191554785159
-2.53393424455373
-1.7804527504050032
-0.9029466857735521
-0.24418708444895956
-1.4910880989567468
-0.7686302996358474
-1.5670791249143199
-1.7006284068929585
-0.7725078140135394
-2.002374314124712
-1.4682358123494055
-0.8391220874060209
-0.10614630972982857
-0.44030139571320276
-0.8764479973239557
-0.742116241886767
-1.4073669137594786
-1.3930314427551802
-1.1981229128943762
-0.9029247876221588
-1.0705069796631188
-0.5461098359607631
-0.2656747208614211
-0.25456786192578906
-0.3431959961070502
-0.10485950391516682
0.19169046134087916
0.2822897950261055
-0.19487841031741016
-0.23422497542671758
-0.2885546187022145
-0.36677965643327237
-0.1678207730836881
-0.26740285060549357
-1.8705327069334923
-1.9888845726059343
-1.1944908456908796
-0.4833852522000274
-0.7106711043803531
-0.5191152414706793
0.012910053986072062
0.00882449085935809
-0.00715782675568052
0.20378886723882758
0.013540517346270249
-0.9281003050780176
-1.4772076254803044
-0.6310298521334909
-0.1697917394715966
-1.0247199194600733
-1.1160856024934016
-1.322070021055591
-1.967384987989422
-2.0816225427717288
-1.4324896806793157
-1.5637353319261114
-1.45007215528026
-1.1591672005446363
-0.7225063731101128
-0.4044017231475398
-0.1292996226306929
-0.6394696491619664
-0.8135873752863017
-1.3814942621206576
-0.9381937667279369
-1.3090209776082253
-0.26701175882480693
-0.339630367154411
-0.8790351631732578
-0.17658954722688455
-1.280694799452426
-0.4952324465518056
0.13401387365777126
-1.027402897927255
-1.0817799537801067
-0.7504943770076231
-0.45694586568567075
-0.8743783074677381
-1.8157660265534934
-1.2412284942085783
-0.7581486197492909
-0.9920870914754022
-0.9739916654603075
-0.6248792195611018
-1.4702691902475364
-1.8994111499111368
-2.5239441190083407
-0.7752070994325514
-0.27087618479264974
0.16370537524574255
0.4673978049648052
-0.04725936764874993
-1.163240089028067
-2.1716232412891023
-2.121023287110444
-2.565609990573634
-1.529391366058187
-1.501876364967053
-1.2626752222484652
-1.5107545915861087
-1.166482938542763
-1.7096324702642796
-1.15542817547583
-1.83909995951167
-1.4923403938585638
-0.44557648634366076
0.05019711897313604
-0.2569754497396313
-0.41687724230077083
-0.031881589045115566
-0.8210448831830871
-0.4649190267682233
-0.3911444110891877
-0.5656512475978339
-1.022139157759676
-1.1691920121829003
-2.2812002183136246
-2.1694355914910908
-2.381117769567107
-2.4846864844402736
-2.022722641745964
-1.2651442789643503
-0.9910864934919635
-0.7143862969507729
-1.1222335600888578
-0.846101735299784
-0.3443096383403245
-0.09444584543490445
-1.2129394280540724
-1.4052784990068836
-1.754433662570871
-2.0400434457624845
-1.078038376500133
-1.3759663361019254
-1.9135055381148267
-1.6391480513120886
-2.0168030143150952
-2.304786839015211
-2.1124822834155044
-1.7695409265323707
-1.4383758255345007
-1.7705063340192406
-2.273665890189872
-2.0225248204577766
-1.3435457346134672
-0.9213192165715304
-0.7162618102083709
-1.1178578002704351
-1.8858065427931157
-0.602954148563427
-0.35171186440403107
-0.28715482739714815
-0.17011066563883762
-0.4392524322853237
0.08841012475637891
0.3371403759282256
-0.36730781846797816
0.15127508861178388
0.5103315839856021
0.40309277046288655
0.691933243508042
0.8891594448696436
0.8857550161624618
0.5020092244765622
0.51923832312995
-0.3889815728459184
0.21568553256580345
-0.6136090139403575
0.1464692379364377
-0.35354300972064784
-0.24057442324890313
0.1556108673247135
0.5327805823221209
0.40093262696717763
-0.1558555397828148
-0.2689390789453086
-0.899182019515661
-0.4698452207724672
0.2591925191483818
-0.2441337151839161
-0.09570434319074184
-0.3512134624976156
-0.011893272506587097
0.4615757504802896
0.3865268812897081
0.42486474368025623
0.47002500029937616
0.405906927332321
0.5127825198927405
0.028588007172804217
0.5033842490385788
0.503317733937941
0.44003249866077476
-0.6238773018636242
-1.3796294268484903
-1.8406117176086105
-0.6823607221228652
-1.0556138874471108
-0.5632440875829753
0.13937150967518572
0.2454952676866207
0.13683743383750818
0.3304887313074762
0.004733375046510145
0.8149603637705557
0.6879227058878871
0.3195117952532165
0.7915132278488788
0.4476353046583642
0.45858795479130243
0.4834386576884285
0.9292914909904602
0.6746165084579872
0.23589267564195757
0.5562437013372146
-0.6720990470183538
-0.03702563053416841
0.4128559833522054
0.44571164762946774
0.24237958844932436
0.27347282865739003
0.06940973551674015
0.11065220385332908
0.2171108767185625
0.33498505514971816
0.18644495549831103
0.6119343922380754
0.7678693873604813
-0.36824092221008087
0.5004195501237565
-1.3698773640740005
-0.3619924738555767
0.17589225073373
0.60817474889162
0.5021328569473811
0.7516867272835144
0.6384552407907778
-0.15468458778419686
0.30658525297022543
0.7914397339569116
0.9039364802140584
0.6091479982374138
-0.3591492993174887
-0.8551675822955682
-2.032821029495874
-2.157125544650308
-0.5121998836746716
0.49229567313771977
0.5036836381294336
-0.9995132965352073
-2.1040138338878993
-1.606271920050035
-0.6398908347471851
-0.6012840136180885
-0.6394765603209857
-0.512616059752564
-0.6056870739139951
-0.3493433528527912
0.2064802757991861
0.03565966860003343
0.19666772773971403
0.24686675457611376
0.3055397789132238
0.5124157964006596
0.21777755482388667
0.44322839443859685
0.7210548604565821
0.756643079955119
0.7983218648743239
1.0649166474828775
1.1330492914101995
1.012864440631027
-0.14000152576858743
-0.0888256684961679
0.05894646243551426
-1.2453282903170582
-1.7274101700616933
-2.4123907542936514
-2.494327315715038
-1.102345956102462
0.021337166246936396
0.4973313569529586
0.6126333573420997
0.6996192155307427
0.7529204768219826
0.7884866800050255
0.7778653630051668
0.6374260408262161
0.7762750195605973
0.6206526695212816
0.14471344476510123
-0.2087474593340039
-1.1217584315893678
-1.7080741137970443
-1.9613535742086412
-1.7706494359076663
-1.2270936514498494
-1.0116591036258715
-0.7799316517167268
-1.8272392411365435
-1.085148775349458
-0.20301397180998407
0.1345251154955795
0.7190792064054062
0.39383815587138776
0.15690064770293374
0.15233882705434937
-0.10596108113503926
-0.15724020145759113
0.07888795896022091
0.38353220541851674
0.3885139404362558
0.5045249716237471
0.03790723116264533
-0.713145056113878
0.40382466106984477
0.767114899352496
1.016419238289312
1.092207829728125
1.2272255942968753
1.2667605718828858
1.2833913608840157
1.2507093166091618
1.3283700130816711
1.3152174302314918
1.3346011446563548
1.2690398863459487
1.4707308450001375
1.2989628332654584
1.407029298553253
1.4592903289019443
1.618669011442512
1.2561182473221681
1.5613963389865941
1.5851536449460397
1.6154141943818487
1.195930113669957
1.5949983985869776
1.4592891049288315
1.2855120809316982
1.3322232427773568
1.3487290167859918
1.4007896003889388
1.4309766535462547
1.539358244806052
1.2515238862198121
1.6099340107241404
1.0463568130663377
0.7955849193931728
-0.16948500120730467
-1.764793747417521
-2.3438174895389117
-1.9206885188109524
-2.4401760643720465
0.04392784143342781
0.527416130153564
0.5630602258360853
0.2557823803452744
0.46353182150726635
0.67325948775603
0.5735607310479625
0.8377786418569412
0.08304651262133789
0.1493437686314278
-0.09430867084806646
0.04958484555756729
0.3741576248037978
-0.3584121384688084
-0.549093642543086
-0.07091556095265258
0.5497773575589807
0.82154389223622
0.22591763459370015
0.4211729349428871
0.39586564868414065
0.7598285737556921
0.9011707191762238
1.0737251971958426
1.203744263812105
0.45392708405331117
0.9910575278855849
1.3214027897499139
1.2859210080643755
0.9043362976617361
0.7051418485987434
0.7380088719137587
0.8984672111869052
0.8066452954249735
0.8508243371302852
0.9009272159167401
1.0149007715127463
1.0679012857851882
1.225923848385495
1.1150027315436093
0.4927151359812968
0.7470512478089815
1.007917300529704
-1.528191799291316
-1.360436714850289
-1.3038111707342357
-0.3326594851452616
-0.9679009603028296
0.14083065237419343
0.314039062299468
0.1518476698624543
0.7925927993020835
0.7250252577007475
0.9609435706757363
1.2215515900448557
1.2742122248297807
0.8448607418932971
0.4818613463526499
0.37572547727649386
-0.8664668696193685
-1.6518510406405222
-2.1439339193649984
-1.9284429228997393
-0.06395689046223932
-1.7626568888397693
-2.005767098440419
-0.7823396752135366
-0.7809444977365262
-1.6380898330391847
-2.6445113266652465
-1.914450383415798
-1.189753133564722
-0.7666218305987335
-0.1604255773892234
0.029526320461545654
-0.3462196606821319
-0.7071870610205477
-0.7336104961874229
0.02563754690066763
0.4738149208880861
0.7274992844489897
0.856634084532973
0.831578903564517
0.8281146497557542
0.8009804895100189
0.865135857110502
0.1970615997053712
0.36638357427328344
-0.25785396464278315
0.27371115504512483
0.4131660181832197
0.2622599924491084
0.43748409460529813
0.817760978008163
0.7968137668578488
0.21631602100347203
0.8683556574407384
0.6451067379801438
0.6742245454120888
0.031057486728612933
0.17398765003053449
0.12414192767835826
0.13296173652316015
0.1631258693508306
-1.3187460028743831
-1.0357341503652036
-1.8852171296230578
-2.279640756650039
-1.1954625750735695
-0.8561405229893521
-0.7733570745819337
-2.333851037589461
-0.7096382530807072
-1.2360159957431252
-2.1286445492515043
-0.3672844646285188
-0.16288518818653808
-0.34537994358845203
-0.30076718371808864
-0.998215022798456
-0.9168437569953128
0.014935312755377473
-1.0655630742048765
-1.349404968131452
-1.997378338638985
-1.4988942533379055
-1.6662624788422205
-0.5545244676825043
-2.477752224533352
-0.8421178020714853
-1.7849536064262563
-1.594167032337545
-0.04271710380395193
0.8144483417092523
0.9903410660228472
1.0613416252592298
0.8990950105002063
0.7840344124752637
-0.3867321736243812
-1.2360604553100931
-0.5883230602912135
0.21121773625248674
0.7084101235962931
0.580065913222961
-1.3415096912122817
-0.3394935706294815
0.3769967823981741
0.49706053925208893
0.9591589581189721
0.9050260229985876
0.9270908517921114
1.0060370166444559
0.7593093893192032
0.8909790765292928
0.7460062716857223
0.7174909458755897
0.7405927507872495
0.7504920780518153
-0.5926006389607369
-0.31980708284130704
0.31985804810308743
0.785407510172495
0.16929298838293905
-0.5208816718138665
-2.6237294336485513
-0.996231136199013
-0.18960365654027878
-0.8299247973149295
0.572386487890526
0.7836577968128016
0.5073084692996794
-0.14294558281393663
-0.19147546893829867
-0.24621137040156404
-0.7653452643915077
-0.030714551669816636
0.701376270019165
0.7035444557053134
0.47186716579995797
0.5366967108008903
0.6350755578032495
0.7067886978376057
0.38855440514802214
-0.85912650936418
-0.3959339229552638
-1.323643275942236
-2.0566985188643665
-2.3161546159759716
-0.5896697997642882
-2.133160998591333
-0.37542784691891423
0.4615203537115063
0.8922422185924125
0.7708700968964767
0.4201716161919973
0.5869628550346297
-0.2784008058681725
0.514954178894159
0.5680224966451057
0.32805918212521096
-1.293866080234422
-0.41934820693302605
0.13233253015638127
-0.12361176305056319
-2.554004720900674
-0.5722366852084626
-1.629665798115326
-0.3622913185137387
0.512758982589825
1.1070526327344308
0.9590690340664236
0.6928229216843745
-1.4554600264596511
-0.4944216891273455
0.4258500506204331
0.05799880181434971
-2.1243669359917203
-0.16985154156791968
-0.3872485098331514
-1.1132940157329256
0.10562886576097279
0.1738106741339384
-1.9363594831319175
-1.7939062740520022
-2.4374987940458266
-2.275320161660622
-0.9698168122666277
-1.0846206631410402
-0.5921943839290071
-0.5605187712776489
-0.6789464945044387
-0.6537105478953275
-0.46509610082089886
-0.2026109416808326
-0.6210565196126276
0.09816208758336607
0.016796939261666786
0.4032766581317086
0.37611361845032754
0.054792269982414384
-0.4964322121453953
0.03787810034731508
-0.4783353758653384
-1.3533953107000491
-0.23671188897220022
-0.531206904325292
-0.6290821878583277
-0.13935562774069335
-1.0098835335266383
-0.440399746917767
0.0034802268776878142
0.6286772755693905
0.7635662959949017
0.8323605481810087
0.6822866145974508
0.6748038975443273
0.11763107306206977
-0.10070623596466304
-0.07904612780347324
-0.4726118896594727
-0.34672548915231227
0.03507970037089157
0.1523840571843711
0.09622025018177417
-0.3721623467044172
-0.3321200811930372
-1.8662203870800127
-2.5369260407504526
-2.552259520000433
-2.6171761615399913
-2.548688745919514
