0.3133168512786931
0.18905710481063892
-0.032822851970107966
0.1268747958632913
0.32123428248781033
0.1924280877057044
-0.03586496513531767
0.15986242156692113
0.008703067448066565
0.24058419058469727
-0.5219439926408944
-0.5816021857003636
-0.2755910881741992
0.07959851700549475
-0.19011092491854897
0.061766876433232976
0.2540696723417881
0.31241269930315474
0.2524027595756398
0.5351537234865519
0.5152623998861436
0.45125233410046617
0.6310159294639814
0.6410804804982746
0.6853071677428755
0.6130131301060555
0.7487843138764791
0.3749375972697768
0.32319393296285365
0.2170161445901584
0.16195483582720235
0.4360745599458953
0.4089839969344681
0.48813809975046585
0.43837714039691655
0.2350798108604986
0.5144525629899056
0.2986014471828838
0.3511604819572414
0.40108031266847893
0.486318722417116
0.7194023241865378
0.600029429680706
0.3185264301689839
0.30379562613333594
0.08145338268610355
0.3447823065128924
0.449140320591672
0.5192336553761961
0.37387031749359506
0.13410406218849277
0.06865622468073158
-0.07663295281089749
0.2533759399682438
0.10044180842548935
0.2700014770438795
0.24378565046458864
0.10808768955059148
0.5541443162077793
0.5513388697795264
0.522897234488636
0.011812535097633955
-0.017514794642287373
-0.009014120917786144
0.1702592250303409
-0.12837207995168354
-0.05575024714418281
-0.22639353381736327
-0.36741825743118406
-0.39606285141848446
0.0030186912162650376
-0.24978062863280642
0.007763171627415962
-0.05645668276046624
0.41610904876010774
-0.14767720129668718
0.1063555219736238
0.4642770174113674
0.5955464815659977
0.5156556290845348
0.4946992191455365
0.6815216233054637
0.6358097158478617
0.33408390591812576
0.6959393322013981
0.8549241210038434
0.9431315396939997
0.8235933929595648
0.80480393594098
0.8546200221082413
0.9344016305352311
0.8080899263274455
0.6611625282392758
0.7085974406918664
0.1582737451885584
0.3144544717113856
0.42553409458149916
0.5224594412542954
0.5962492324763847
0.5433560800116677
0.6140734728505901
0.6226455465918818
0.7038076128794453
0.49898181837164257
0.6512385967858034
0.8156986585655608
0.9563253145630922
0.9877186505403087
0.9426307651199247
0.770880936496509
0.7801700590778099
0.701413129258475
0.8970684308718673
-0.08401437481564895
-0.4369584742659569
-0.4414520524098212
-0.3361527461770122
-0.3267278043051095
-0.10042055733526714
0.10386347523714498
0.1960666257060722
-0.03712263370244831
-0.25513362324611244
0.15659652972771917
0.13405396560843072
0.2115677136657788
0.38688936216487363
0.5370603848806041
0.7048545278293443
0.4508342883477855
0.7846295429874347
1.038906927526333
0.9898908854933242
0.8911627339628678
0.9193074549164757
1.0875246053640808
0.7341959187361065
0.6394973100666794
1.0468808926603033
0.6919921512261216
0.8567466196403495
-0.8318391006492428
-1.109027517133514
0.3339688757253313
0.6479859845800868
-1.118088569906935
0.5324985435670243
0.2467524556234744
0.5887169770079048
-1.99357843851115
-2.1312396773456266
-1.3270469184109095
-0.934157439187246
-1.6079809614412923
-1.4792614240466935
-2.1184046003116634
-1.8213904593815131
-1.5129133163054325
-1.424790495925243
-1.9331661740629946
-2.294908218235554
-1.6407255282569986
-0.6095310863186869
-0.1341944435782611
-0.08631328312619396
0.2675538876403244
0.5826192315825831
0.48102196083206644
0.7307468981044788
0.7408787463552214
0.9380691866421342
0.7265413917013467
0.403342043916208
0.887681108626271
1.0912145208544346
0.917481299453796
0.8620938617510328
1.0706496379099697
0.4930546147268035
0.8934559118078572
0.6542108395670196
0.8829776735143967
0.9750403802192057
-0.010852264065806841
0.5851787241485404
0.6919752180729775
0.7720804511187035
0.16539468722692163
0.523368320711981
0.45931037882546033
0.5440828031546732
0.8056424767913255
0.646355231882876
0.4209714457813519
0.5423480663069374
0.21910628947485686
0.05594509832113084
0.2600981512084246
-0.7498700469544006
0.09191352945743089
-0.21968602510744817
0.14193643230753625
0.2676786473259183
-0.3477707885050398
-0.3664582762247832
0.046430494048005595
-0.22069422059368043
-0.11289781621532262
-0.4441301652321817
-0.7844958128244044
-1.9727747471837975
-0.9215603658733772
-0.20177854978919102
0.08958250116692341
-0.11495311102310801
0.2469502102928951
0.35975517872048884
0.38859493468368395
0.4504461328015797
0.3438922811064951
0.578880524518117
0.7365020133600018
-0.09519126094848492
-2.086427617849894
-0.4643927227698753
0.347743987946069
0.11701895734344671
0.720525903731823
0.4140152613710378
0.005552294890721108
-0.0704836136103974
-0.881226751494581
-1.7776473849123682
-1.3914120150286031
-0.7199002557225536
-0.583635013797952
-0.6136901598723395
-0.016842866744338228
-0.018280115217750345
0.058248077190518555
0.28246788624939945
0.4004519728717834
-0.5623532528045847
-1.6880190312716632
-1.7415967742473308
-1.0110420332620165
-0.7992474401176577
-0.3652910183541115
-0.5422424150843171
-0.2514983545611281
0.3331559389167248
0.6649892184252935
0.09719197213193809
0.24429163439275473
-0.8254848655479469
-0.027135603719670356
0.16568962269557352
0.4387038579498368
-0.3158662437883586
0.15869292284070233
0.2422666115722223
0.3613618477458432
0.6605313221636498
0.1999740087396181
-0.08412959386803438
0.7992615009750287
0.931071617068466
0.47017465547670756
0.38503319177672046
-0.1532594814549003
0.3583229753144352
-0.19598966277379465
0.01933982313769094
-0.05060148587732778
-0.22941385709345724
-0.48662715363064946
0.007413504521933602
-0.5031241271579442
-0.6687816015201298
-0.8366066803531065
-0.37463542991077337
-0.7891292948134514
-0.7102699470294792
-0.8895906571556564
-0.5678524962950169
-0.8863785965014275
-0.4608934835976356
-0.025409014513559584
0.05735912553347945
-1.114464461031659
-0.32153591478008464
-0.5119304999553971
0.08266873066049724
0.5158113263086475
0.07846073135109768
0.20133802132830886
0.2692511636075362
0.6671522446675925
0.7192841509795742
0.73495841010151
0.3792533326688485
0.5347930241220148
0.04726856340646039
-0.7349868094602964
-1.362380422547446
-2.023055911559621
-0.9526278782604626
-2.276311182916851
-0.3681604269181929
-2.2798583086155846
-1.4341822390681904
-0.41534075816489746
-0.5538720720655869
-0.20783094222142331
0.15612839576977067
0.22182210736830446
0.39142414080415977
0.45660037683967736
0.42347867339550654
0.24300350495037104
0.13579744485819806
0.30276642438651563
0.5533469512998448
0.6924222314600428
0.8522637446677516
0.279983218641201
-1.9849929597421303
-0.45483480481929245
-0.007256380605996443
-2.2076912667504223
-0.18521943928002707
0.02898225661639984
0.12969190132717684
0.1033740056870869
-0.15705399853581303
-0.2754209257038269
0.07224288481587104
0.2507915957628099
0.36201210816754215
0.2569912790996173
0.21429402864661506
0.111459296705129
0.4867785464302301
0.7644109356602484
0.34744411599684594
0.6510754861194014
0.7608105929551213
0.37940027224555384
0.4362959319773375
0.2868781083382121
0.32319796917650967
-0.03774279660656882
0.22791612319343693
0.4268407915845802
-0.6676308849493353
-0.3531386330458706
0.13015672743355397
-0.3655660222452218
-0.12273167892274808
0.7477091804771103
0.8377788345536413
-0.32693456363687234
0.08233934137933874
0.4812000953565274
0.16196917818789391
0.7212518928909822
0.6207386133748817
0.33942241266149753
0.018163704461721324
0.564722374473542
1.2533074309132275
0.20894767510941148
0.4255036354355304
0.6505630808892743
0.6922588545710089
0.8469057619123279
0.6289207379821078
0.9549512013257243
0.7108128328190128
0.11644437062609073
-0.2089919645003332
0.18174282157834146
0.4614757624167722
0.643081032523091
0.6238947561680553
0.18927948959972213
0.47718692731040513
0.8188399492022682
0.576628755633076
0.6503160731502361
0.6365891715106772
0.3181153378619541
0.4798997638307453
0.4261383163615921
0.5875012017018386
-0.27094342827803575
0.30610351813476344
0.5448137219824533
0.5799532734554625
0.42106276074614135
0.05783920360068031
-0.5974640427829475
-0.16150214743760144
0.28071376740035797
0.5408889928709186
-0.19178119046796188
0.1566604439403581
-0.0028735096345386592
-0.19503892127086828
-1.5522407340970625
-1.2551886789420934
-0.37123409028014637
-0.04382640921365844
0.2903128006657792
0.009564420649580768
-0.5189181095136104
-0.3109952261914578
-0.11547508872307022
-0.24159066588340886
-1.653562343845734
-0.35407779604999007
0.1364921036228189
0.04767965643423635
-1.215757271500627
-1.0558699579280701
-1.219156960773037
-0.8280797386973424
-0.5850566934886924
-0.7932733754367047
-1.2371889424403504
-1.63139100972626
-1.982509181089131
-1.4652913472019222
-0.639031378340696
-0.32513821690988537
-0.11766464640805861
-0.3602881208049326
-0.3521821716992637
-0.9069227728383116
-0.5432263135586349
-0.01903817014815492
-0.7035711431953923
-0.5790808240584762
-0.2403321267120509
-0.04109046547639286
0.47745572688918486
0.19929634833458051
-0.5236735923184261
-0.12611462890542707
0.31786252643439306
0.5889458156566043
0.6612175452335902
0.7890087195872275
0.6799008219524482
0.6951439923546495
0.7023367419220848
0.3362090123592389
0.584251792875956
0.3353495827554051
0.27816479191624044
-1.1494291175048068
-1.705549350496055
-1.1148180386937547
-1.1027930014567522
-1.4780780373153746
-0.863201269903403
-0.15418957192851643
-0.7858566395186807
-0.49863212723796546
-0.5307947438934715
-0.5242660357515396
-2.0040774136489774
-1.2277438064274442
-0.5539386944377709
-0.09399356142313604
-0.20759927578612786
-1.3511151593563278
-1.0889566930367267
-0.9736009446695604
-1.7159534408237853
-1.857256357351097
-1.2895188066761214
-1.8138969026835041
-2.0986115331383743
-1.177355305448805
0.11682050064571595
0.2747181360374261
0.10140726258682944
-0.16100290037718867
0.28986821373344684
-0.19713307360795349
0.06335567960711004
0.5104844166427875
0.4205618843284923
0.37488693004663226
0.6012934711744887
0.3392228286215181
0.5333768299343246
0.49467518601803423
0.4266265947891388
0.5297127524259773
0.1671673338008956
-1.4452929487464827
-0.6765186766521902
-0.4088850443088781
-0.05557810246580021
0.0015715893675377502
-0.9584680335163536
-0.5626823785237413
0.28822641679002425
-0.11089622636996152
0.5461156020676557
0.7840050243703994
-0.20630444545576557
0.5875955353096248
0.6534603786092432
0.8538729981524473
0.9671332891213771
0.9300982157159376
0.8844940135942136
0.6860480928775069
0.709042287671103
0.34744993168751165
-0.2991373858649423
-1.4221096421213488
-0.7944728504493577
0.15452131697633292
0.5969435912122985
-1.4534362829579173
-0.6212594734338278
-0.4151880799106875
0.1957108152907269
0.3309266188636654
0.32586828999498046
-1.5694388970556346
-2.097147483500839
-0.34739316594781794
-1.431748777123933
-0.9338734955567973
-1.477620975699245
-2.221674284488078
-0.8078063943323552
-0.37008739045210826
-0.7170455920840841
-0.16789282208948497
0.3309216793354823
0.34618450344253077
-0.05520784134175908
0.29146909118246944
0.5233545399269213
-1.2269859314219806
-0.3246294480663982
-0.06346086775693038
-0.22354872308993137
-0.497349051411673
-1.747946888237355
-2.171109270539608
-1.4838094036230218
-0.8529581543989635
-0.647946798683056
-0.23936974772053496
-0.38381534024410524
-1.807073294345813
-1.1952116265689732
-0.23154377154527947
-0.05007996641057888
0.1252080215886359
0.3591430963732779
-0.11415627371238485
-0.7920370461161378
-0.7407112394709526
0.2910666064639347
0.5007270156541944
0.2819118698314741
0.3491036200972178
-0.18752261103959006
0.17887843948690546
0.11999179734020772
0.10273959350837523
-0.09714956449946716
-0.4497115959512502
-1.299651163233312
-1.660826620299461
-2.0302771555850256
-2.001656581781666
-1.1144215849157895
-0.6782234244262533
-1.418628221939394
-1.7891968739183093
-1.0393091496672278
-1.5887123291862981
-1.908355210227734
-1.6358252248455536
-1.8254262936892194
-1.4994578463059534
-0.09654566393227937
-0.738403284196444
-0.22008737580896642
-0.11006768317169081
-0.7907967307392385
0.24205494645733125
0.03888396406479952
0.3629746343477716
0.794370725387427
0.8454857679441562
0.31791202019257236
-0.07049490527038049
-1.0605756395402852
-0.26386392882427706
0.10345769444737415
0.31702949364094096
0.16884405606862185
-0.36949735518262644
-0.815728393847915
-1.7088973775704595
-0.723345088814525
-1.0044223679432136
-0.9926833897443518
-0.8433412860181224
-1.4249749561333311
-1.9330748120934598
-2.145869828104318
-1.2428324551181125
-0.7694586926245475
-0.7620977161986542
-1.6957277219979967
-1.0275259834852633
-1.8042451452848485
-1.5666310351084314
-1.834388556563392
-0.9786526082366713
-1.136775951828449
-1.3159896908421596
-1.3052193214362373
-1.6412953147554914
-0.5252439678631138
-0.06808679643008858
0.33902618240161236
0.36507350164493935
0.2508665957885371
0.3024380154252047
0.30727258261942914
0.20815687042835965
0.2991054801805152
-0.5438506449055376
-2.385418993020087
-1.2115625495642877
-0.38635745452933734
-0.9061803017095308
-0.7586997812932155
-0.6723286400877386
-0.25405754026305893
-0.6596623077799408
-0.8844849208177836
-1.082988589214666
-1.6257328176445274
-2.245680237195194
-2.1025580920929636
-1.5941056435073588
-0.6838562973964402
-0.45507899013637926
0.10174662624190638
-0.10277295655974544
0.06282986512910432
0.20038938589474037
-0.3505669947658549
-0.07935332538315606
-0.15114865999125648
0.46923229953838347
0.12373750123103272
0.5648145229921033
-0.07168670709622028
0.4451608674437002
0.5263992684634503
-0.05266607962898123
0.21841470106465272
0.38477379857757876
0.4760953391501979
-0.4559580258659489
-0.019846096914986913
0.24088782850345625
0.40513819892116143
0.4764393788364052
0.5184153844390718
0.2560863646055313
-0.17010578044629776
-0.2923747604725188
-0.32506132973578494
-0.283950426399611
-0.14868803667759006
0.40072521568404196
0.4992961180399071
-0.17988629262965156
-0.4073730934902977
-1.8690000017958583
-0.22577424083569134
-0.3834853886564975
0.1645103683599417
0.14130835497039157
0.10235904227131898
-0.5425648158827364
-0.5477029358538321
-0.6698089412319395
-0.16004408294570285
-0.2639893313908192
-0.054996770011054255
0.2100161909496952
0.44072482975011074
0.3617281550161122
0.3180654221116739
0.3537236682587082
0.252642139920089
0.306414706479824
0.04239668942971514
0.26231781088145895
0.3083431420458435
0.40782225482099255
0.24279672412175346
-0.17229212098746063
0.22880730531715834
0.37802227454982745
0.2435707287543573
0.16968044301101687
0.027900127438933338
0.4068687209438754
-0.1000849452836205
0.1184938451129281
0.29770308445047783
0.2091851107201531
-0.7231763151290076
-0.22243488617289203
-0.14012237671586755
0.0069537591512042005
0.06346028996929412
0.0156621570330207
-0.006718496435590669
0.05203223323477102
-0.11509418048250337
-0.3968912777092564
-0.5088179847197593
-0.2779039428720337
-1.0374869408348855
-0.11385662784788983
0.4264410698754846
0.35509854804785396
-0.22029880830479026
-0.5224260532251532
-0.9415423354193823
-0.43621770183614633
-0.17201062235145112
0.09089353136861907
-0.05439258760329741
0.14930622393852386
-0.374270564676527
-2.0947552395619686
-1.5174801441630392
-0.5667072724922659
0.026594068674519987
0.058207382130285895
0.38440774083635254
0.08766478987467627
-0.06065010381157594
-0.11653827404045689
0.03677593508263352
0.17899497923147745
0.12613395351310225
-0.4677588399247218
-1.128676350242726
-0.20875011766092733
-0.25007865062063306
0.13106223142945306
0.07534724983337163
-0.25424924084760336
-0.11198533796336868
-0.13377594385822333
-1.857223277013515
-2.0625289950455246
-1.401127278714256
-0.14505363213544714
0.027701050489004092
-0.17230133988104646
0.29812534487260234
0.37675937060395054
0.48797710698138963
0.18318492307653766
-0.31488935172050453
-0.44054646961917615
-0.1619607763507708
-0.7772092194664908
-1.9807958604496365
-1.1633506265223372
-1.062244267254317
-0.9743177901110385
-1.5574969924130257
-2.097787993089196
-1.5862742402537382
-1.862882317316307
-2.0171863025002645
-1.1420596410160333
-0.3695135893561735
0.11214374702733564
0.1614699301818538
0.2715961867803177
0.27124770163864764
0.20947707686662273
-0.6546290332096171
-0.6422301385645115
-0.06792804277576206
-0.0085007960045481
-0.37361206886851756
-1.3185642225913845
-1.036779297742433
-0.07073618748392507
0.20071654171671446
0.4851750850122054
0.4584959328964566
0.3196982143690146
0.5643575344062246
0.717947134880696
0.8275061179226988
0.7367064130628869
0.3750343196485569
0.6230864483200467
0.6644879579498617
0.7922050177269471
0.14189339552887031
0.3760405626467963
0.4575568812025798
0.48983053180668584
0.4023960974743442
0.3167489102710439
0.18922767546749833
0.44382535105042137
0.40224913659447825
0.23625428870940257
0.39541683122619187
-0.011677572564288197
0.24163999941332237
0.22999426695972858
0.09768524264964651
0.36570724911652586
0.5570096685063648
0.5395618100514346
0.12728414551964592
-0.24921514106590553
-0.03030510091736761
-0.5844011443791235
-1.7228764548311228
-2.0524439667153356
-1.0708426050548425
-1.2058188094655111
-1.977875265920169
-2.2365271107215055
-0.7653451065948949
-0.04950450645366639
-0.20075658470533989
0.18345291377081244
0.3176716541237267
0.2977433130579614
0.2879282293952333
-0.8110419109913242
-0.6434961645823765
-0.06140687737513737
0.012057386398631445
-0.27010215326993464
-0.04162930172539489
-0.4964871206767109
0.07506422692370993
0.14150717641806743
-0.6222163034488049
-1.6639155910848986
-0.8723117139272336
0.39909413899160556
0.23724578973159582
0.26627867711139847
0.43237010424740585
0.7163019819895314
0.28527971603205565
-1.0725374496595563
-0.38827978487376946
0.052525012446069934
-1.1931148828940934
-0.13943148269555936
0.20702953196343088
0.04239098395613024
0.33902371533653897
0.2329432615696656
0.25643926282817076
0.4399954668456275
0.29161195380934635
0.2414904221805405
0.05421108941878808
0.37345582759322243
0.06135674453253831
0.135301551608483
-0.05133119238340379
0.18484639800304437
0.26333801792572287
-1.1549708183735738
-2.020972489933415
-2.081726932332658
-0.8238392691276216
-1.2891088989037538
-0.20608064174545537
-0.01827345935504421
0.24740250603763497
0.200500923859408
0.2858217555669256
0.015647919216447658
0.20405119048730017
0.17280833493628608
0.17000898796255354
-0.7203790180915922
-0.20697855852151298
-0.28432793171422566
-0.889541532488208
-1.840637307982781
-0.6402206835483879
-0.14315607072090347
-0.5636262734138413
-0.39202488803670066
-1.5304785321585965
-2.087662024258214
-1.1946522221707307
-0.2811406434165392
-0.3476729131848957
-0.0011200527390075603
-0.3163433073387291
-0.28707709821741434
-0.16724709676118513
0.03788814639245092
0.19292027191213973
0.09882731756900123
-0.9545480314146615
-0.36020376103516244
0.27797610774701254
0.14584072921821473
0.3312327664897492
-0.10822157321540875
-0.3094024023650337
-0.4216881313670429
-0.6685016892601383
-0.4007514657415297
-0.36301355007238184
-0.28079793653240637
-0.5118567398309126
-0.0842499013730226
-0.09718712885988667
0.333302939741637
0.663346539915873
0.7069382391309804
0.6536583607065367
0.6285512956585174
0.7170061702543192
0.533677085910037
0.17431984827653402
0.11306081509807987
0.23690568748219504
-0.4215744568365803
0.26118419636908324
0.1559801015478817
0.18575822841900932
0.45901812711263346
0.4906461887282698
-1.1507853023799464
-1.4357658202174655
0.013815190282205504
-0.8835433662264643
-0.9965635692384517
-0.4572793049632765
-0.8668955526211946
-0.6075943887755542
-0.13461428295187125
-0.14357919340507833
-0.1531556817067973
-0.46944334888572115
-0.7657779743705276
-0.4962790074316919
-1.3485662071123727
-2.0620631738097313
-1.407798332446416
-0.13447416357337258
0.24270796216014168
0.16783470470653294
0.2930912808453461
0.3950792133053774
0.5646948456340319
0.4873502493673465
-0.0940920214610593
-1.0068636512563516
-0.06789479764631828
0.39643902478640797
0.3553265766136917
0.26117005295567564
-0.6597893574442617
-0.219953607536861
-0.20669740822611557
0.16204253590389955
0.44663489048668503
0.18185310429048904
0.5161553905673877
0.3762037989904316
0.2891740334773193
-0.07559135635580073
-0.42885272591041323
-0.35110960068371644
-0.4294276641289234
-0.2015093132805956
0.027219641757432717
0.34342176687545045
0.17516632124946874
0.4404423450083581
0.6742952956087087
1.0069976086679784
0.6790505086622158
0.8891121759259384
0.941806610479742
-0.2578304164548531
0.5195154443958877
0.38793933052779883
0.485807764485125
0.175084746211094
0.1456748782575889
0.435815463763224
0.2460463557821979
-0.08977439238110763
-0.16207202154001835
0.030237167276298917
-2.035706343813815
-1.2894219142668337
-0.3450221294463608
-0.12834878768518054
0.30801738916204763
0.3598559395225531
0.5242137553255939
-0.7479431765516832
-1.9287564516760343
-0.8564696120723644
-1.3097914506524695
-1.371967109606654
-0.46536034437988105
0.2560003857834849
0.5393048961979023
0.2858383950038076
0.2124501243532632
-0.359382969342252
0.004790799014178646
0.3271462737099384
0.269271843258614
0.14874748544407326
0.4568357696522434
0.6339125418735678
0.2791294304660674
-0.1633314599124713
0.20028350044357507
-0.8713520168121669
0.08546775126568426
0.3013311759524444
0.028531807078452563
-0.40459433095378106
0.3870631301117227
0.444439365902469
0.31102997896075285
-0.4128107286458378
-0.8332665783748787
0.5221311449935377
0.7406686889048686
-0.17043668307351634
-0.3384792754467944
0.19225723615038984
0.46006818252963677
0.635619543639039
0.45266810406989544
-0.43560185998807466
-0.13149978387574918
-0.010404019164424875
-0.09490183347748685
-1.3565334227519708
-0.14817644875035424
-0.21659811397398865
0.2947818271306586
0.10503566068199405
-0.3661309690560751
-0.9335870554767512
-0.25935959764266925
0.4707859092250445
0.37270183185277495
0.3077334188819006
0.6634031352057652
0.9926771323728955
-0.14208317020915517
0.31557327392405105
-0.2595028016676988
0.23963561568269748
-0.2745150244683502
0.7081783605469854
0.42432694647558716
-0.3205538071272188
0.22731633851603306
0.27155881422688954
0.15395134524381068
0.3739626221759607
-0.09939838082617114
0.7230165256499842
0.9295647434750016
0.09020180329113008
-0.34847065495763146
-0.670236063175299
-0.7786987888321102
-0.49566197884761204
-0.5405193163026483
0.026274470558046756
0.07103702201678146
0.25650973766637997
0.17684955031635435
0.08162279895702527
-0.3221551008982679
0.3126765844770347
0.17292865110953662
-0.12851693996634528
0.2811068419525966
0.0770197084029508
0.5664438984686104
0.11541188899862158
0.6260892987377987
-0.2405956295462408
-0.43961351725164016
0.10981977291407369
0.06874624982082338
0.11232775592700364
-0.15553887497881838
-0.37968886907398736
-0.02960059224917269
0.302574857089389
0.27871353672389426
0.5967489121271385
0.5256735835133208
0.23236798346552157
0.5521986392438136
0.6479261270148735
0.8663021727735738
0.40458234635794704
0.6158609060337165
-0.726158690015827
0.047852796020283306
-0.6227120513508889
-0.0750354649713656
0.26271575207339837
0.44335998325155784
-0.061611126515108056
-0.49158204140508865
-1.25728799411201
-0.5684388929424009
0.11983067836005834
0.022449569976395786
0.22404899623681354
0.32937239136315655
-0.11873898933682948
-0.13795360852941613
0.02314883887324541
0.2643465792300389
-0.09828962021309465
0.3920011948378226
0.20737281536127578
0.9353682484026614
0.8300999050546167
0.818566333662734
0.8359578844852374
-0.06093948458905128
-0.18805864280549314
-0.15174787539396303
-0.04660589583114112
-0.16542005000761398
0.40687930039502135
0.6033841546857218
0.8674591948255642
0.9962416903678831
0.90246021552322
0.8443866901821743
0.4601671257369509
0.7898307958768684
0.8128952313275253
0.6560269507941014
0.39289868855517
0.3763837692477029
0.22197955090949836
0.2407188908426697
0.4814068360760096
-0.3900401991535992
-0.08232232987026616
0.2140286729398482
-0.3315829649949201
-0.3367166270616674
-0.344755975497818
-0.13724899123879572
-0.5725172394029745
-0.12266156614746841
-0.01092461368709026
0.24807814344757023
0.13298677505515372
-0.16503641258643703
-0.06288916764579869
0.18962979185354756
-0.28183055161831916
-1.0064137793723087
-1.320328498884978
-0.8431972929095528
-0.6274951585723918
-0.2820289053145285
-0.2279134982647772
-0.32528437453531245
-0.33595842366035006
-0.3464942999619798
-0.2338644304431105
0.0014115691254554964
0.07390767250652969
0.33140120038387044
-0.04445009455784553
0.016756469014417626
0.04328945092755759
-0.22423375726218636
-0.12279076488207226
-0.4789715974719913
0.3496546768908271
0.5049478886844363
0.4251470287968019
0.5256209372527367
0.5065372717102601
0.21462490011751248
0.40130376551415153
0.36026300541655437
0.5213957342814378
0.6828798805671263
0.3946558060996375
0.4086381098146319
0.46364605506648937
0.2636354419274979
-0.1694300800031446
-0.20456748489624185
0.09899497437308082
-0.26387762645404894
-0.09196720925479862
-0.05725137595604712
-1.1506950462798629
-0.9971014934702532
-1.569701284439259
-1.712759864351679
-1.7922981350256384
-1.9690775798099465
-1.6195834203010804
-0.426028482417792
0.041332389061816056
0.14875462160331157
0.2565478983743531
0.15986793277621797
0.23430986557571812
0.4663235077862888
0.5463871914913191
0.26819902717094557
0.20006867013497198
0.16287015049760364
0.06412011032882559
0.2893969483237544
-0.10669120567334336
-0.09584845470936053
0.3054863899742558
0.2703017308061342
0.1495062482266168
-0.42004171520864203
-0.14448031625540358
0.015417467607324403
0.47090840125096595
0.4105520962473271
0.48451675297631125
0.538762103238053
0.41818139531606197
0.3297570131801844
0.4958829635690019
0.4286313891450675
0.1571019332917059
-0.16040021751299838
0.06815375983552771
-0.4957726610908986
-0.18460289745354524
-0.28240288289036924
-0.1548612014825554
-0.6943236988665541
-0.32865874427290526
-0.367207908911706
-0.7553362781129198
-0.33370726407498574
-1.0569456293554844
-1.5893636929959167
-1.1891267186821974
-1.6444537886323831
-1.2934488920550327
-1.1664557592685834
-2.0906798048631883
-2.0855391948564606
-2.0606285936972584
-2.190177698786388
-1.5342318970789834
-0.7714114725963375
-0.1323120120190729
-1.36784274236054
-0.544270646317579
-1.3627528595788603
-1.5116588537750626
-0.6181271823029367
-1.7310385547579
-1.2586087939681716
-0.7235490679890688
-0.006685555855083336
-0.34612386321794253
-0.7291328057602433
-0.6027004886961602
-1.252356626853986
-1.2160338848998598
-0.9535625554463727
-0.7254345426279867
-0.9253422420645779
-0.42186429724902574
-0.1377803509839559
-0.15161975695173274
-0.23252976396319136
-0.06804824270724721
0.21611754182928217
0.2957841981499243
-0.09714855235871933
-0.1251788941514681
-0.16726145952522428
-0.25512973117246385
-0.07216907054225892
-0.14358730712750048
-1.6410185773580144
-1.7483514598214012
-0.9999412331778462
-0.35114369590200645
-0.5546791787308755
-0.4693851576917602
0.03460068523040544
0.03397091396099382
0.07608368028174307
0.21565927921065475
0.03939472930553707
-0.7598853407196944
-1.2782711395444344
-0.4746533386100499
-0.1636462294844555
-0.884751419935383
-0.9153648603441682
-1.166920914621019
-1.6846518232819532
-1.8198971837164715
-1.2160943294946323
-1.28286047691531
-1.238067314303349
-0.9417428514037411
-0.5964201231608953
-0.2756584967118135
-0.00882437531564078
-0.5020269584107073
-0.6218143068341117
-1.197386657788697
-0.7913607139593395
-1.1833751181429202
-0.16840437349760426
-0.18666622458347687
-0.7172310152759866
-0.13647100461747727
-1.128261786103705
-0.3837495681983518
0.18613358865745108
-0.8497303362723584
-0.8875811740282756
-0.575204497200145
-0.3249744538798776
-0.6821068950104456
-1.596822834562145
-0.971192432334453
-0.5442230200128879
-0.7903008210163993
-0.7371943731856615
-0.41938185339059425
-1.2746560820514758
-1.6068810029573737
-2.1899033461043547
-0.7354803734800623
-0.21424413199061562
0.1444260747685961
0.3999374226155849
-0.01250864387836205
-1.0579658468310615
-1.8797692532935062
-1.8761023182785708
-2.2582580554503604
-1.3241183553369682
-1.2893287280407169
-1.0376315115101704
-1.3319424424056612
-0.9859619311182994
-1.5354355438525897
-0.9861678260040346
-1.649130228733664
-1.3343260703926036
-0.44935710939610324
0.009317219433204408
-0.2189487936543865
-0.3498133835727324
-0.04235813198672875
-0.7124661544619628
-0.34429934332232437
-0.2514538299332517
-0.48556154517112937
-0.8129685380430636
-1.0021941023667136
-1.9665632155603174
-1.9146326070645956
-2.0151654581836276
-2.151097517922546
-1.7530858577721053
-1.1023941229606815
-0.8399991386676879
-0.5814161254848382
-0.9439059647190841
-0.6629018718459088
-0.3508671003118795
-0.038889820269325893
-1.021162713395403
-1.2098165124524694
-1.5747684118249206
-1.7757220110525616
-0.8892532358400418
-1.1052967514545209
-1.6334308151450234
-1.3872329038200628
-1.7466942197912574
-2.0085044417662297
-1.7637768124132558
-1.5470719551828416
-1.2141049795561814
-1.5622400512040402
-1.9743993086191851
-1.8284331350660965
-1.1041200097341166
-0.7248317553919892
-0.5849891452854711
-0.9052656373083908
-1.6124967559786694
-0.5086709476968893
-0.32776875672702777
-0.2781630702011474
-0.14267529087406522
-0.3877997651869468
0.11188350045636594
0.3371467661260138
-0.2722081627943815
0.1902282561603646
0.4825493778047205
0.38412368275402214
0.595236842472668
0.8387436447301686
0.7754751333623189
0.44463566881958905
0.5065517972956033
-0.3572494852098534
0.23962477759693712
-0.5043236690742066
0.16989978427108401
-0.27150177321741165
-0.17609816201085782
0.10201871065683223
0.4991043240029406
0.38156814657483057
-0.12171342650250955
-0.22331817640647098
-0.7149167664098925
-0.3717435234192084
0.3107970152218946
-0.16398261097954914
-0.024766669059762783
-0.2750497077851634
0.023584309531214126
0.41321634576595456
0.39082767993124334
0.3901953375143626
0.4433123987650404
0.38188717855191984
0.4683646370674826
0.0760348657163676
0.42755782666357534
0.46737808129139946
0.3841147736168951
-0.5333002306578281
-1.2462728946898063
-1.626677414039053
-0.6172306395705827
-0.8702899521022323
-0.5140472320454084
0.16555513495819674
0.2319946020610775
0.14609788727098993
0.34203947325919515
0.07204394115250208
0.7094017414577183
0.6077912947291285
0.2640636712708927
0.7740010685879342
0.39536185764026516
0.40633090320102033
0.44801099901490254
0.7788251877418253
0.6040182432977212
0.20676952895872214
0.45986179433674823
-0.5643510244453569
-0.032817461558880684
0.3654160583559286
0.39699321967672696
0.22507149256807082
0.2218948027024851
0.07046503895382825
0.15563955994736317
0.18078491335016778
0.3109627112529216
0.2307186553008923
0.48839433939960974
0.7051821133152254
-0.30946739145971897
0.4088064326612645
-1.1814773397621277
-0.38023943494137136
0.22164014073494911
0.5412190610083938
0.5075941093863996
0.6488582694118943
0.5544250327220183
-0.14508874933421373
0.2513628843458655
0.7435163710221122
0.8072157860470774
0.5420641353211024
-0.2447893004623623
-0.6922517378617726
-1.7336351640027237
-1.9270980192718645
-0.46576240927481055
0.43321238887855595
0.4802629098779394
-0.7682917571234289
-1.8095705525890426
-1.3653280905776912
-0.6126474079691793
-0.5611354648033653
-0.5746137808708189
-0.4489236198858179
-0.5288000130011776
-0.26302013841899213
0.15332749602910614
0.06199833575602334
0.17046230974629878
0.18637124025611654
0.27527235929494875
0.5053246063542829
0.23716188084758144
0.44641052146180443
0.6456073777379768
0.6623229583789516
0.6799487640513516
0.9628148077701484
1.0229409801088774
0.920102526818845
-0.08751336707991457
-0.026723510775580793
0.10880011114249316
-1.1387903329400384
-1.4957430558576243
-2.0472051431255447
-2.208224046526264
-0.9639872967943927
0.04447022471137451
0.42640325231500353
0.515327472178043
0.6716608910014431
0.6941713200609745
0.7004391852385911
0.6659993378136886
0.5744759377621602
0.6918763448413261
0.6526866093342077
0.15174414235329517
-0.11976370962258398
-1.0368240571030998
-1.4544466911434262
-1.697666907449209
-1.536710019613042
-1.100566591855907
-0.9132340462524636
-0.7398843360388844
-1.627707311194389
-0.9046162708659009
-0.1690271956307831
0.13196847259658714
0.6935835713634602
0.3104984819958079
0.12286707934510901
0.14439256839591733
-0.07182377903435136
-0.10586884244654247
0.13171143244527508
0.32784024235068376
0.32541445345635883
0.4624201762344618
0.09793933905695713
-0.6141073192758553
0.4047591311819919
0.6484907679547405
0.9131112407148321
1.0582489975326388
1.1533393020983342
1.1853419865238934
1.2202299757875192
1.1826754010136522
1.2907461866811183
1.224208197196807
1.261918947318562
1.163213470449919
1.3415033358993809
1.226227211509793
1.3027610742583275
1.330334256615023
1.419432587421086
1.1377434112833054
1.4097789371771587
1.4317491132072913
1.4837514116998043
1.0763185895837493
1.4671007537235816
1.2575212395899897
1.0948473295322394
1.2025130562560091
1.212243662465005
1.3115542548554973
1.3136034343074088
1.3600646166490313
1.1198331366611114
1.4345558058313563
0.9139771563094539
0.673864902945781
-0.17391614808533626
-1.5931099334446932
-2.057652509957871
-1.7202406595948458
-2.0875001344877493
0.12236339670766881
0.4766642348653707
0.48957899497723695
0.23108849635581774
0.44586207584500176
0.5986830178507228
0.48174374263912656
0.7192462889420271
0.0627036665112701
0.18463606252945777
-0.07917729166485793
0.09567022867796482
0.40022171291575626
-0.2944702490323352
-0.4456832827401502
-0.06818052687267172
0.5425303492880503
0.7733345871152776
0.2226553036666183
0.38793268851053975
0.3800246474076737
0.7026892836544252
0.7594665244633635
1.0031610336727308
1.0852403861334474
0.3775563299870632
0.9236197441115709
1.1982818607341748
1.1804160574635238
0.8486143613032113
0.6670461892820746
0.6667264548276699
0.8242143437070119
0.7574796322849954
0.8020509272753178
0.8429671887688244
0.9308510767285878
1.0073079105335527
1.1315743817511676
1.036291549478265
0.45030252608476107
0.6936864099986917
0.9295416690454138
-1.3437649705772787
-1.2147970422211922
-1.0874658191827886
-0.2935687798977752
-0.7984818566032169
0.1075011529331748
0.26800564345241024
0.1414537291411532
0.7156267983141773
0.6283918906875757
0.8293695359399964
1.1411647818531379
1.1657999798268484
0.7621625623430376
0.46306366010450145
0.3768735271849645
-0.790435294807844
-1.422597544476528
-1.860063848810689
-1.6167946899086172
-0.05373015361604772
-1.5561955544088109
-1.7660722364888073
-0.6332879863383922
-0.6688817264147983
-1.4546019942300268
-2.2827900266112544
-1.7091625904610928
-0.9332136980144866
-0.6755431165513363
-0.12010675742602356
0.01792115621461044
-0.2900840281663176
-0.6261273217153309
-0.6636308217047134
-0.015234466468999935
0.4320278113517103
0.6189549536100699
0.711497076656607
0.6816509973696491
0.7442049637204525
0.7232050000794406
0.7911327050780217
0.1861163001703151
0.3632754460202012
-0.21141631928941773
0.26852620767699686
0.36838662252356313
0.24799891636413826
0.3599767436409147
0.7364273390989675
0.7036258269457442
0.22071963768726607
0.7471441571744222
0.5989338253392511
0.5836794239122414
0.08180492747198295
0.17674314078923037
0.11524734154799884
0.15279887321392277
0.14623209219339495
-1.106719689398231
-0.8016510657197984
-1.594830589362459
-1.9548986866046802
-0.9676342399739799
-0.6710844411771666
-0.6544361411605445
-1.997000305021424
-0.5799606601801667
-1.1395738964689213
-1.8173025010032293
-0.2741472112560629
-0.09821873684892668
-0.22132434532257628
-0.20329008209316662
-0.8948941612868901
-0.7739660301899873
0.06558225920517294
-0.8903750205090931
-1.1620505427482986
-1.766663227160175
-1.3036164884175856
-1.4292990170988737
-0.5115240930675914
-2.184466634227751
-0.7262170351458824
-1.5657758330673233
-1.369254529777167
-0.018056989035795345
0.7400166125063773
0.886904365428077
0.9523167166232357
0.8190028187574281
0.6937197485986341
-0.35089081009649176
-1.0394610638419959
-0.5140774380477104
0.22963554559255708
0.6520513667457527
0.5301043758177988
-1.1423240902988634
-0.31729010534335467
0.42060554047499943
0.49250103409721496
0.8286750618345002
0.7887152713725156
0.8197239025297817
0.8818831086471459
0.6929802874124767
0.811077009463694
0.6753089529747259
0.6706844469876239
0.6602744214957404
0.6802938666969012
-0.5717233134005552
-0.2738644903186153
0.27678736906660617
0.7305841892481213
0.14997004932467223
-0.48942781052272544
-2.2946210086324865
-0.861819273233271
-0.12410651641347267
-0.7802599252230804
0.4863759878599606
0.6612832506586047
0.440439515610931
-0.07848500004583135
-0.13277703506724356
-0.17716434378404922
-0.7128774522478931
0.03796310806458124
0.5931950514451618
0.6149729737484817
0.48803587641025914
0.5220327982788112
0.6180755316615191
0.6537258133337085
0.33862829108231324
-0.6277319262789505
-0.33426031076794627
-1.2218170919591043
-1.75619723043709
-1.9930553910162154
-0.5412368778645404
-1.816583034898935
-0.30263120172456154
0.442006804732384
0.8098294425171124
0.713579767442503
0.35599410438687823
0.5536817639140308
-0.19717128398213202
0.4372376951820955
0.5141131249675822
0.2761804849388715
-1.0706324466978718
-0.3107604103364331
0.1822463443723612
-0.10538725357473139
-2.156717583101691
-0.5551278846067972
-1.3190185091287776
-0.2803262828668022
0.4450467889353257
0.9943744250697859
0.8502104546083502
0.5954394590475847
-1.2253050555689238
-0.40341875369381175
0.3735390517475746
0.10225065052999256
-1.7835785172797627
-0.15614206566493516
-0.23610929090572078
-0.9700682175990628
0.1818889420304518
0.19417566176828596
-1.7227563148477945
-1.5695909649954154
-2.040991996953811
-1.9914893108193596
-0.8687490720427452
-1.029851598413937
-0.48578014729102775
-0.5256378609740306
-0.5942715864472519
-0.593164689918958
-0.45525247503678223
-0.10592910140190223
-0.5792105435561887
0.13515604071516268
0.06928911964553885
0.3581574164318513
0.33227783911851444
0.10434975322063778
-0.43344641489725616
0.10903760472119389
-0.3583856032357649
-1.1826390972724086
-0.1831248254757475
-0.4357929941721685
-0.5456038451441023
-0.08099723548294714
-0.8383983393351946
-0.35742962672419876
0.0392175632229848
0.5582002952924454
0.7244247003300754
0.7275710135768523
0.6041666906145091
0.6073001072922724
0.1377874539062696
-0.12332277647616427
-0.01044875877239743
-0.3943631494348692
-0.32448767446286625
0.07299994049154884
0.1445788036085707
0.06754712609352975
-0.27416837367766134
-0.25487857079013976
-1.5727170396818502
-2.1950138547194054
-2.2339931490631386
-2.302406169900849
-2.2130273592908978
