0.3214341334734075
0.17376238498558033
-0.07052789000501627
0.10125917104847454
0.6352981298071874
0.2743871370193647
-0.03147781268688496
0.12875934229277716
-0.05144555444629037
0.22406353555796393
-0.7612651640305961
-0.9888423981546599
-0.39574850338848483
-0.133221319556759
-0.0576986325670813
0.057612123994103204
0.1501248761732599
0.39574359545698057
0.18184461063915935
0.353463639901629
0.38107859168532365
0.4510521685179073
0.7864072953718045
0.6004465972771065
0.560095681717903
0.4893859157932311
0.6543937737954693
0.5373573983448726
0.3175362572026615
0.20582641808795266
0.07966730058725557
0.5308250612038992
0.2076937785285234
0.5747084141159744
0.3072229190033916
0.4492412835291694
0.38143461012707003
0.4267407189216308
0.7895151005699667
0.44458179320138563
0.41972950257579783
0.8748355538184691
0.7360982966698238
0.5071734176402035
0.18347177461260508
-0.04836545280156633
0.5040980391353397
0.6434020919878018
0.3254996822571266
0.29129401171378705
0.016747419333259364
0.08501509102373975
-0.09222146689876703
0.034929734701130345
0.20247127589014755
0.2939886431395529
0.4774720759083375
0.016618523653511887
0.662931282495224
0.4180030212369607
0.8444070331565076
0.07931673312330098
0.2510527007881816
0.11875685608973816
0.08753899872682112
-0.3494469020735457
-0.12879005178132108
-0.536586998973954
-0.616013938928266
-0.6954321201870597
0.08158310127353685
-0.4762567614068059
-0.06117326890390557
0.14078855998806888
0.3919924492197179
0.10181254683599
-0.0342841551489058
0.22706342842947544
0.5615450054293367
0.3241057559159069
0.18631261199181257
0.893915710004573
0.44118871632043555
0.6131141489750573
0.7077133063813881
0.9308169498288564
0.9192622125641288
0.7261417968109537
0.8533407675063417
1.0363668363329877
0.7583295848067056
0.9462030639302462
0.6526155415602896
0.6482359611892329
-0.043499553172431316
0.33016409866921537
0.493680914735106
0.7163394971267387
0.5057557408721264
0.4878022006221025
0.4526816800072607
0.4119289364906846
0.5301222506556487
0.510425973225282
0.8596834019446845
1.04864637003507
1.0762348343360533
1.2186629706230756
1.1316378429373843
0.6873866586752891
0.7999164183435982
0.6398803444356339
0.9614438917410254
-0.4346436445842646
-0.5799085927139104
-0.5987696873942937
-0.3173125217416901
-0.4416869843721563
-0.010801138629864523
0.16811813245248666
0.30200928961681495
0.021557184513763823
-0.38066400671247413
0.1622728129316507
0.13469894315329217
0.3273952963185672
0.41752041652454064
0.5621400033874797
0.5364793087171582
0.3962677549723641
0.7456912585356961
1.0469305555362172
0.988118269581021
0.6487454777530062
0.7860568911094905
1.1267783461775955
0.7654754412690257
0.6023845936195432
1.2034214933611682
0.8331099480838654
0.5813182003878054
-0.9097863473512223
-1.2164083121252671
0.376022082055804
0.5804668337485727
-1.3585691618841174
0.4105982604716081
0.5059192173512859
0.6321853786820758
-2.325245277457998
-2.470417065423653
-1.648947170279121
-1.0987440295308495
-1.742060445376171
-1.7147973691452119
-2.6005321071051286
-1.9397042818576278
-1.2103212267088217
-1.2829045260398635
-2.345824850987045
-2.6206025406546747
-1.6661106385691107
-0.6224019051613356
-0.08770174090453488
-0.056284510292445994
0.4788586516524202
0.5598198637475971
0.3975989034804045
0.9110864020792337
0.6282344887961528
0.8378015685210546
0.3772496730430614
0.3438112212219668
1.1308396749443557
1.17957330205014
1.0221706221365945
0.8729216600715971
1.0796325744489281
0.5430269488313555
0.8577851081547714
0.667847290057589
0.9057652427180483
0.8509474625407387
0.009124534406717698
0.4014869593165623
0.7161871131877539
0.9019995353567085
0.17922156350572216
0.6954132259951286
0.6469936713610058
0.8563322394268211
0.7903240355670531
0.8829412553157695
0.4461168827349191
0.8975794418846703
0.1516308095360719
0.18158625455887784
0.4086626023347749
-0.8606465916200188
0.25224906683677367
-0.32877673848940014
0.1733901874851108
0.4441894456808553
-0.40710527852928713
-0.440719694040559
-0.139794834984279
-0.6706019577360123
-0.1853177898267544
-0.536318544954681
-0.8294894597476893
-2.3590393100499774
-1.0538438384644764
-0.38469688014538106
-0.039271426013861035
-0.1269914145171316
0.2664502128640554
0.2856654544917837
0.6599607887842243
0.4917824614475015
0.5332355618927458
0.6683410233181661
0.7834204837529636
-0.34730808625324744
-2.472572559135558
-0.6795618168047998
0.28299115004435793
0.052185183163289094
0.6984874096109269
0.8045938789771294
-0.0742102323097076
-0.08528267170439596
-1.1940909875653944
-1.972918805764588
-1.6146799083210848
-1.4277018934094778
-0.819548553825921
-0.8044129709304305
-0.035202851236018844
-0.04142343826608585
0.1996052400482517
0.38038647356221833
0.26621335587882017
-0.7460160657636922
-2.0801927907867737
-2.203463159935095
-1.2548123675545324
-1.0862060137877865
-0.41900875173140956
-0.6931150286992743
-0.42736325949132614
0.4162555400324069
0.6264819416150361
-0.042225994555528557
0.0980378761956662
-0.6383276373801223
-0.230446392487086
0.3674654529293684
0.41989842819610845
-0.14267259781560349
0.26302050604451166
0.6762980478032574
0.3877869238818963
0.6757489403855415
0.19807787090364426
-0.28065927423669773
0.9977706336361399
1.2930839096676567
0.3637164368209413
0.5359193977497381
-0.6044783690921652
0.38327197525381596
-0.3046045629640081
0.024800202233203783
-0.10219555630885717
-0.146836384397802
-0.20834100427639696
0.03884597951810756
-0.4464481097280292
-0.7879492355458572
-0.964402997580477
-0.4640366736795659
-0.7105048539289075
-0.8393480025556915
-0.7973457717748477
-0.8196436758723055
-1.141928117792002
-1.0164126563370617
-0.028102362615165605
0.48113721390199227
-0.9203486665836768
-0.7450062898997231
-0.5727730454127629
-0.22942690668285537
-0.12903238346586998
0.1973050432952471
0.24092037009916994
0.038707933406117834
0.6856893182984499
0.7200534026570308
0.8035683456671973
0.6768870580365433
0.7799146120713621
0.03812413264118373
-0.3858696251696234
-1.9736687683445917
-2.3106374651704384
-1.5725834155027931
-2.3748761415591457
-0.8115036395442998
-2.37779678512092
-0.8606340876600485
-0.6401529173992678
-0.4595201496670184
-0.31489211777848036
0.008417892569666963
-0.010418881879529798
0.20756765709640257
0.6669514187611599
0.6738291309923403
0.12313869591719406
-0.4191353031021611
-0.07361727581891697
0.6512717619756591
0.5487297606296192
0.8478138509153041
0.27931419250364065
-2.5380052194653557
-0.520538393862996
-0.257400217117021
-2.8638189654295148
-0.05583638054657333
0.24793586548831514
0.08750673300123624
0.19766094184497493
-0.24909539518085633
-0.1707944285147904
0.0209061861398147
0.44106468517502834
0.3850444547424882
0.3352153723836096
0.06662843347992262
-0.011304175516784332
0.4419429021922863
0.9181250647648781
0.38672541217166473
0.9563211285900534
0.915926876341667
0.47695703790537874
0.5243112518840279
0.4264794938927706
0.26780298422601934
-0.055427726883586326
0.3010924434668261
0.5507482621595556
-1.1847105875219865
-0.83516723721998
0.06945863625337653
-0.5528501904665389
-0.05341178337535175
1.0226944980799433
0.7481854617466419
-0.3190625834751118
0.2468378372005674
0.4572358943457876
0.22052731831987593
1.0290694834215044
0.5293113507285208
0.1802261852043343
-0.021413114458331408
0.7373783369793447
1.2493879503568475
-0.12723135398894564
0.3687251731804927
0.6276677921023149
0.5039455229618433
1.0986977029770966
0.7684562926671891
1.0866040950960405
0.7846525161426445
0.15539730774545252
-0.18250657422395705
0.3914487553244303
0.5027316912388545
1.0654809017287556
0.5710995417839971
0.12995649986872782
0.23489325580365547
1.0058597276810628
0.6351250438954662
0.7499765841780737
0.9204898007554133
0.17761562837735004
0.6265162024116524
0.4008134606477479
0.9477940251153911
-0.4841556853707821
0.056140507393439315
0.2815246009427752
0.7051131742400134
0.2656693209698905
-0.0686761640775076
-1.1204457626172881
-0.34780050904191584
0.48890704074233976
0.8904237682502111
-0.05336441511957064
0.24674647766842367
-0.14196468560928904
-0.1372433746215487
-1.611904531347461
-1.440206018887129
-0.7073262904899716
0.16616375440430736
0.28502041458345106
0.16103816067686333
-0.16611320846887642
-0.4160356628017033
-0.012843207424833622
-0.20884621053989685
-1.9480492863465857
-0.4048535579536345
0.4090118711179151
-0.005702081955333574
-1.4256060662103704
-0.9519611951662461
-1.5778019623578647
-1.169163033663326
-0.6852869345967456
-0.9754648967299907
-1.2127278970881765
-1.898158392151402
-2.7320136704565336
-1.3450960608774964
-1.057553392263916
-0.07509137431238469
-0.11472404796337994
-0.2626740401461768
-0.3091305834583966
-0.9342332491963385
-0.6651666425138839
-0.01544175713146126
-0.8260986854155263
-0.6391589811029867
-0.17072392536704867
-0.19784551710560172
0.7837247089950942
0.23191355047870155
-0.7604905920544908
-0.2221020377000662
0.5025286382084408
0.6294819850777834
0.6539165374543331
1.1020384622736155
0.5166523873642938
0.7174000710093643
0.9243987731085388
0.39095743420603074
0.6935798176903194
0.14567566269919485
0.2188281498050115
-1.3949643806364658
-1.644579123787617
-1.3469158381689992
-1.379754846696801
-1.6997170127506944
-0.8829745682632131
-0.3187905903688941
-0.8097538295914007
-0.5153789304819408
-0.6708876586745603
-0.7104622741512986
-2.401022451039473
-1.2256078947563602
-0.8227223413931682
0.21667494932161097
-0.41585405121598074
-1.5365866993091815
-0.8253995959116756
-0.8829346535601348
-2.438675631941086
-1.8765294921264182
-1.4317341543273174
-2.4654553250612175
-2.6341652997808636
-1.7073774230458194
0.011349812021628844
0.42518679166122947
-0.11758836627852995
-0.12656541011093564
0.2899972139835343
-0.1764613613386905
0.01576966213486153
0.7041689563196837
0.6542701174263623
0.5965473879558473
0.6833119489718559
0.49832376692281
0.6828428393322721
0.6517582809549674
0.43473700593040554
0.39889596206790795
0.12985952791377825
-2.0093181466456365
-0.819317987807848
-0.8463319358184466
-0.03258888892193412
-0.0399859645056965
-1.3173282623963392
-0.6874511157147987
-0.11134043108880277
-0.14049165589083254
0.7047417182320765
0.9944004857673847
-0.5536287891863803
0.656605089534414
0.46543582260268734
0.9206350080213919
0.7963977582030263
1.259122770533949
0.8489320631404775
0.7691982547074409
0.7457151657190588
0.3985005742648217
-0.3996912297656214
-1.6552436528792243
-1.1921082870939899
-0.12006607276694714
0.5938588457414155
-1.6370146487009225
-0.8538080997345255
-0.6574240438013693
0.3598927629210889
0.0779824372730531
0.3953581556093808
-1.7336016104172476
-2.3439468384565783
-0.33501749489796606
-1.4254385648606303
-0.7678008254099836
-1.6270833095927342
-2.6164831566906956
-1.048424142352862
-0.35862659205522573
-1.2713221242121744
-0.42378236059102886
0.4665968466976694
0.2686033985801675
0.1272466006347465
0.10830045547330358
0.5699847837633746
-1.247866916383727
-0.5309142385178437
-0.10143801408020442
-0.32335892152977247
-0.32982896307204845
-2.149167482951878
-2.3223286519686996
-1.625175584086461
-0.9042275243146769
-1.0468586200047978
-0.44044530874072874
-0.3003539054237975
-2.3401442352066537
-1.3109897137068252
-0.4434145540077195
0.012125442315927631
0.06110116505208593
0.6046727409930331
0.15950530736949478
-1.0055394952860333
-1.141042133454311
0.2093553952645395
0.40919895823573926
0.46932232051029305
0.5806989257967133
-0.3385305533758395
0.1330802889561186
0.03567063211089655
-0.06567712447008285
-0.11631052354271411
-0.7318702690449622
-1.4198188818052433
-1.916629831352803
-2.3966355128719266
-1.9109085229051033
-1.23143860360879
-0.8995846457621844
-1.372464612622805
-2.140904339684682
-1.238788388714206
-1.736128782415148
-2.404279039302955
-2.0049356853400466
-1.920328257460057
-1.8227095314836128
-0.3204478660010802
-1.1706503823459335
-0.2100123916539958
-0.3882915319383129
-1.1299920409856838
0.0882014813292863
-0.3763413613286075
0.17599687195826086
0.7896488242006995
1.0315244489748798
0.3432839575330775
-0.11176480509166498
-1.2519918409045605
-0.004020388662460329
0.26653629174202753
0.5434678293493962
0.2970859423253727
-0.7094215006618189
-0.7198763539601751
-1.9739196945603166
-1.0913926765984097
-1.2083013054272291
-1.2981701006628548
-0.9986409848386159
-1.7654196896335486
-2.686892715015374
-2.6848288126313564
-1.8462669798007745
-1.0780387132276446
-1.148040594444448
-1.9048749122893842
-1.2047008058289579
-1.9386569816998904
-1.8309098101588188
-2.118864592907291
-1.1301067214897165
-1.40088359472477
-1.2841650415459316
-1.5240279444744935
-1.738048502088859
-0.6675777933379367
-0.7587663354893948
0.3575413187040021
0.4274674025735741
0.4707284528418574
0.265442994913221
0.3941816199301386
0.4425319528838807
0.5459973899249114
-0.5697728944277641
-2.874094620168102
-1.244635138208274
-0.9286669396124285
-1.1785462415594212
-1.235293707096474
-1.0204746606054258
-0.4247783312065593
-0.9344366981473388
-1.4122720348219122
-1.483912821472705
-1.6557959875140755
-2.625227808089667
-2.5595581157962957
-1.4276378130112009
-1.4043900827011544
-0.6612736742761767
-0.4609276482834693
0.12780645268335206
0.008649199014778244
0.3029469048810647
-0.44936994869042873
-0.05472201609897687
-0.1974258661636141
-0.031549668190711345
-0.17319574144562894
0.5955033873548411
0.10170951551575527
0.5325274502407327
0.6157179676804637
0.08445865801815128
0.34824882279299946
0.19104039835355663
0.40921761108658494
-0.8935876007722092
-0.12000617478739481
0.39440516909498624
0.35915981826583715
0.6037063773101661
0.667373174310788
0.18317490789675805
-0.2932893425287798
-0.39300899775198017
-0.32615653413420204
-0.4955807301326474
0.19870941952118748
0.34613336968467767
0.5335340969430468
-0.1420895585985516
-0.5705298987901714
-2.238484517835057
0.1343473994871318
-0.1461706722516365
0.1950675222864329
0.3521062297272556
0.43684307492743923
-0.5582453279469711
-0.8883889678322988
-0.8929788532212847
-0.1282789213714162
-0.6209651355664217
-0.17224181768778857
-0.11469193970764585
0.3742369200764686
0.30306376928678425
0.32125941173586225
0.35354687028599807
0.21968278184626214
0.10852124409596739
0.022020315401533666
0.41196897801493104
0.39769492718199173
0.6797250474015596
0.30078696312306147
-0.3594322474568395
0.03244214950147662
0.20258543578236393
0.40675872072877906
0.23218600649513615
0.1525909859595984
0.727826876414603
0.048153417403447966
0.19639463677706667
0.3371240396146977
-0.01928883311183889
-0.9792623222292166
-0.10963674356423928
0.23364378748725959
-0.11263217144911604
0.11840045650551058
-0.15683903118852277
0.08837663078373773
0.17010907492802296
-0.0015658494862431632
-0.4856580658310059
-0.7923433147622796
-0.19063894222057398
-1.2136399664440924
-0.11429732201456139
0.35923419129010725
0.525242703884714
-0.6619609730470853
-0.3707428055082627
-1.1492869838367232
-0.9474744926073992
-0.10091743195431085
-0.1343890520690112
-0.12797110819508306
0.16354311845693859
-0.46957762270320813
-2.8564536648995342
-1.5404688190073272
-0.630989310531421
0.059499597063467774
0.10324773327690234
0.37246303815995296
0.009596930491523756
-0.16443304019416824
-0.004942121277607764
0.049957079254005055
0.018486833159460814
0.2959319173797441
-0.5544498253590435
-0.8883190501296803
-0.37297971195484975
-0.17339513491457037
0.007294051922296346
0.29577376019926893
-0.17720944407996442
0.05371223039394492
-0.07484518784097619
-1.7195597267438594
-2.513869805307123
-1.569462462103025
0.02209298742591255
0.16992433565430076
-0.006448768684419584
0.26828347337602765
0.47604140746912454
0.7240815753443721
0.18020651808493537
-0.6730969854304156
-0.5636763729442084
-0.12183539533649085
-0.8032793286792218
-2.520008706829294
-0.7781088980058252
-0.7877722745861528
-0.7432889347509304
-2.4699435006197388
-2.6172760058323505
-2.349041199745748
-1.7960357623106062
-2.7035897055234552
-1.3704722469466344
-0.17275905932602076
0.2149792881116956
-0.13006700813916414
0.27106620422139516
0.3817811521204478
0.08542136227656758
-0.6968169019791232
-0.6860740217297886
-0.07485461590968474
-0.07173502676739268
-0.5286902014335739
-1.3502227883627973
-0.9271792104232248
-0.2451009394013645
0.8122493885807329
0.6231238407963037
0.6018266507638151
0.6644558712768438
0.8038042617151505
0.5511628130317225
0.9365264484792847
0.8268309070226401
0.4702401737348848
0.4538605108337344
0.8524736216696313
1.1022956605568959
-0.07705380343647665
0.5245989832145174
0.5602254681760643
0.47887485320998596
0.5861741936217753
0.3387066040295452
0.136801951077288
0.5779951553325495
0.4639577494650168
0.22415061911296147
0.455521033827869
0.03382677137896772
0.35287940052788513
0.3403188185506674
-0.011290423334467739
0.7147851914538326
0.623223114986535
0.5904007828732348
0.2959236957713474
-0.13348028623745062
0.13411283646850905
-0.5856917719971215
-1.8053195945195044
-2.5644212530615396
-1.255047518696543
-1.321603726267318
-2.5875168129555663
-2.768926741363052
-1.100206801437419
-0.35282168048738843
-0.4899608178125687
0.6472979239029084
0.41910521196827893
0.5506895336636515
0.15697248317891654
-0.654194643649259
-0.88154530951341
0.20730743185940934
0.06889656275535146
-0.31616109116579044
-0.07347430252052399
-0.5936517951093943
0.07226729220768455
0.07477875886876797
-0.7385862677796242
-2.171849419224661
-1.1505369214735
0.5681829427404071
0.3619054797795851
0.326080625385884
0.475545205215388
1.0999439156639952
0.4191120538613778
-1.3013479819911216
-0.4977594706697353
0.07369879715555033
-1.3983489600140948
-0.26229154016673273
0.23113317017014473
-0.08348224777490937
0.13867734490495115
0.037858770353924584
0.0378413227161223
0.4197126591327883
0.14613568843591737
0.4453821808331142
0.20341617565502135
0.15807845259084083
0.2497075133390957
0.1071917380215558
0.01697566116716752
-0.14907193604073782
0.16505554864966
-1.2330570512832175
-2.5720967105632684
-2.814182694367822
-1.1643955220501438
-1.3359353777597633
-0.25892550253977176
-0.2123482087415917
0.41559134224633176
0.2979991830761102
0.32395704247305546
0.10415783205310553
0.14321911589202543
0.18153527378879203
0.2414148150930019
-0.7410042659387079
-0.4442726310265044
-0.4765687487568678
-0.8667781710927465
-2.0933689218772624
-1.099077490897142
-0.4457088703061086
-0.875601232856991
-0.7273497673845243
-1.6604463288338698
-2.65396601870712
-0.9793568892833653
-0.8323998714286391
-0.410316649785167
-0.09557005581104741
-0.549031840867552
-0.6212235682351
-0.1457550378777987
-0.14270162923063684
0.02975671817464847
0.048723311161007934
-1.0630083133777717
-0.4099602820208957
0.2207160487663809
0.022708879635634838
0.1657948668683749
-0.433047439185692
-0.17848100892514707
-0.5118732021762612
-0.59457248408518
-0.4790098429471066
-0.5526623875351908
-0.24464971769529364
-0.7640831285956852
-0.22150780993523314
0.31135866019202074
0.2538658375334453
0.6618412729390727
0.5427133198916396
0.9843600338908518
0.9184007700639135
1.1244110086203936
0.5321636711415492
0.07996713103010741
0.07508719151591087
0.3808159613490666
-0.020264995959597257
0.13800956392751532
-0.03904064444771822
-0.11740243971425329
0.4768279381133447
0.41212698241557477
-1.3146644774708294
-1.5255558952843653
-0.12201700483402332
-0.8186442971658182
-1.3160255378768282
-0.5173947483458801
-0.9023262404837653
-0.8977340944800821
-0.36093038565879076
-0.15459294041600297
-0.4361968480360928
-0.4338175026899822
-1.0955687221637003
-0.687003488387148
-2.0199715789112975
-2.2423472507503104
-1.5863808975060194
0.12139790114382462
0.38803973884814885
-0.042224248730466804
0.11806795933687256
0.3354568824112702
0.6938474216876309
0.6373316192058659
-0.2103463958187637
-1.262860319609476
0.14985498608422704
0.2813142780113782
0.4029493474562994
0.4841664803851758
-0.7299182336000705
-0.3390471292438493
-0.013365728544183553
0.10426920061969049
0.36390677851965864
0.1977314617616403
0.3952659911149315
0.40451263207040244
0.10653495341011562
-0.1811258633310857
-0.3485202890116956
-0.7086465540780068
-0.49492638720210214
-0.19871378499142467
-0.147002470243368
0.29154191650539557
0.5065571610955435
0.3327877687015242
0.6434295779241465
1.0650000261553145
0.8539963875002456
0.9286442045102555
1.1339792329108973
-0.426599709791449
0.47259745720088386
0.5709163605533034
0.7332005152362976
0.03978918066066137
0.17853049290876208
0.3197835297070229
0.10015937722345308
-0.3178343514330135
-0.13326136104350073
-0.053668389126131165
-2.201617517679048
-1.293760996000132
-0.14530748829156953
-0.1711368678256232
0.3693457499300457
0.41031961946292056
0.6548244982355211
-0.9671425907879116
-2.806720270028169
-0.8715954900306676
-1.5097570777189362
-1.2628763773037783
-0.45539115993160695
0.17882082763836576
0.26674692203680217
0.21604145505261343
0.18288533230660187
-0.47187799616574067
0.227834555360313
0.006771184899982768
0.15914752512273067
0.0722425145781499
0.6465304382073267
0.8930653030331123
0.37860535252230687
-0.19823284599223978
0.2345346380599169
-1.2069840956356048
-0.2018936286122272
-0.05774948892652366
-0.23907126415248586
-0.5077670995644297
0.41273116819145517
0.4740464254722989
0.11480313832468657
-0.4352446228991992
-1.4882583559778026
0.700511927962567
0.8166022462845883
-0.07990162248661103
-0.22144400992351254
-0.01089623844088379
0.5712151315711904
0.9375170914264841
0.49987834185505453
-0.6679219138539559
0.12173241698302782
-0.2820013963914472
-0.057500335737678515
-1.650381446851142
-0.31921767008547736
-0.7638019634772538
0.24417317886785778
-0.2093977736029442
-0.4510174468362391
-0.8647878284258903
-0.3364927689896645
0.6100381546713931
0.49277098030238486
0.33425562904315087
0.6209870638744618
0.9225692063880052
-0.5058089873180561
0.47876000799230656
-0.3988181174085761
0.10942302253689373
-0.3109308650671473
0.749607784812018
0.2905046314440083
-0.6659312922093239
0.2927220212305231
0.2531687566937426
-0.2512093603031057
0.23698447444120652
0.09231931424556586
0.5787797317522415
0.8073278948968953
0.02206021158778173
-0.49433732973724576
-0.7654646437618884
-0.9707520414778494
-0.27166803177474674
-0.3419848658522904
0.08009966632822721
0.22099124191682928
0.28169371325333714
0.08760580510237173
0.08437434110232747
-0.0656685223881165
-0.03940224143352105
0.11009238495433539
-0.4088806431714906
0.28800455656716406
-0.2214974010760888
0.6873989594904298
-0.10558154836538629
0.7482046864449039
-0.4173983815284227
-0.4886104051554349
-0.09819940970662808
0.2566096550532878
-0.008781768350741778
0.04444028346630231
-0.12715922876014016
0.029503288646887088
0.19283909975670277
0.49715376753700946
0.8612139610589091
0.6238105100009731
0.3105358642982159
0.7619409352960401
0.5385146678009161
0.8576869411526505
0.3850757313800191
0.8343852961732646
-0.9416078862353279
0.09887031142176811
-0.937117510318893
-0.08856437434326417
0.38682629608965635
0.8512364908686216
-0.1301945105902486
-0.6396699535527268
-0.9909758079164612
-0.9480302264488383
0.27385364273993257
0.15225326113478566
0.020491127545868446
0.22189628285381313
-0.27378018052682274
-0.03244913066497207
0.00365540226658663
0.496142934396011
-0.06009124684815435
0.44850629651929075
0.06500143277168877
1.2996990393926198
0.8074793843434965
1.0546722020508237
0.7121012855581164
-0.13790039701596407
-0.3088434367621784
0.013803781033665995
-0.23096833248828463
-0.23423927543336054
0.7700024573563009
0.8639992754786078
0.9089616474930872
1.1486731013251499
1.347238230796905
0.8486128284604353
0.42240827954001997
0.7692477473898551
0.8833448447869923
0.6884880402057459
0.1570595224037151
0.26077681399389807
0.06291762999334623
0.04765920965380015
0.49252937041686917
-0.39533136552061965
-0.011705820635338777
0.233708345491254
-0.5287514463776566
-0.6026155247133865
-0.7563454560659708
-0.06535336541100359
-0.6490748668002647
-0.14112337085635046
-0.10650292941287674
-0.00638202535922959
-0.030205489376307987
-0.1386030000233151
-0.1443930188161548
0.11997285422429858
0.003624214929786207
-1.2645306553506934
-1.7804974667635927
-0.8808537092485414
-0.780569434461966
-0.5133605092688114
-0.10442789861533727
-0.7902844299530916
-0.3147518976271838
-0.4606744711575909
-0.5511032077025985
0.11683480835804791
0.04678209943461516
0.2161827970774828
-0.10911093818881482
-0.06308849854778995
-0.03697368150114305
-0.18600429537190605
-0.5729848424860956
-0.7779144874997173
0.5120316447933198
0.5351528772704085
0.3567548088821774
0.3499035849778787
0.26558221444829766
0.28695293225666
0.3697517568479569
0.5739331733757606
0.5318518333561975
0.8376363902136291
0.5168326363902908
0.30639765311554334
0.3249915158678804
0.27472613393466344
-0.03313633758750105
-0.06774950494483384
-0.05768163379700191
-0.11732870013608776
-0.016918038965420143
0.004421958493672414
-1.1824977864996367
-1.21965647917203
-1.7766734744159078
-1.9485074677362935
-1.7953922643545892
-2.452208811127281
-2.2555564835057074
-0.5707189597043872
0.09384145456723592
-0.02333230434108407
0.3484160412418708
-0.08917671909571942
0.30724576127017605
0.5402917817114719
0.5198374632519642
0.3593185263318961
-0.2401248992817877
0.031156295995601737
0.058835080596979714
0.32210529329003534
-0.15237022912515685
-0.08949555999429293
0.3594359607005801
0.17556859912844602
-0.09449203864356814
-0.6227335208358648
-0.1876183962261435
0.06866311433703033
0.30880790934031044
0.6299172064643498
0.5695329559636366
0.524428300349389
0.11585204060031157
0.41554056753920887
0.6441844088522382
0.46588122167469165
0.025412440983746905
0.008967871889679326
0.12494451499149516
-0.5031492547671093
-0.07001181407068144
-0.46015829862284086
-0.678075678899301
-0.8296118105409437
-0.4457615841991885
-0.15028896828622781
-0.7157991019593695
-0.41172640392531423
-1.3140859607343465
-1.6466005328336077
-1.158320590275345
-1.8826443917075812
-1.3941403729559974
-0.8757242159647565
-2.5891191395050566
-2.4478667096227142
-2.1027865867757254
-2.287213449193818
-1.6547566531983997
-0.9943511862559293
0.1264692342281528
-1.6312437299916136
-0.4146813500829121
-2.233589411671738
-1.7392781686754344
-0.607296448305694
-2.1148029332725704
-1.4644929159018494
-0.8962251302838409
0.6074930470664949
-0.3648008839920841
-0.45464287125098013
-0.39500442640179956
-1.2867279463812777
-0.9227533906884657
-1.2597894474034654
-0.5162508576075838
-0.8940953395021999
-0.49340259305778333
-0.3027503224192086
-0.12930283718191177
0.1113134856960242
0.27618881353829056
0.5134574033736121
0.5813564734399013
-0.08316626394424743
-0.13849329178643818
0.10343329214366684
-0.2739046485971744
-0.2799518624768132
-0.5244017173221911
-1.7669078654522075
-1.6085113504293587
-0.9550197178343145
-0.3832293901489993
-0.6407594761215104
-0.586907032430132
0.331456963573622
0.19368028665729503
0.1310305221786918
0.964439139941107
0.5289075108597467
-0.4575126060568101
-1.2175842633206093
-0.504897815626949
0.4313649931855221
-1.0442516877412569
-0.989399439321069
-1.104339261018445
-2.449519562656003
-1.893575083552209
-1.3182325547891283
-1.1637324694900475
-1.2971915184754719
-0.9599996257656531
-0.8944146126394219
-0.06280507034195462
0.4708023307787935
-0.4056762986847875
-0.6724210958110785
-1.0092622972029113
-0.8408829783901298
-1.135253101720321
0.24578378797358108
-0.07796558292378891
-1.087969983522589
-0.0573816801443416
-1.1816850104111445
-0.03978451999073219
0.21319837612833978
-0.5559022977597596
-0.779660848866943
-0.6198835967321227
0.22674053258810584
-0.6846707064878526
-1.3844738299139185
-1.1003113893664689
-1.2422744957284326
-0.7384280909534828
-0.8199113907348085
-0.434746373447241
-1.0029774331843029
-1.8142385967294086
-2.6298034230113867
-0.8589095797421913
-0.20900537331587848
0.4548553806316635
0.9221739606842185
-0.2381065642403726
-0.9133960590171133
-2.413497880154764
-1.8664691075828836
-2.486711547046425
-1.6594327967714808
-1.270579277277719
-1.1879147606892955
-1.7834593160467853
-1.3322638437731615
-1.7866916122930496
-1.0781067030331422
-1.809002417999725
-1.327538902709715
-0.3862141909108227
0.01743717695369003
-0.3709989142268029
-0.5562692822475055
0.2208477918558976
-0.5266340013490847
-0.5076762566711165
-0.0605546589137224
-0.4353854991922601
-0.723442340966252
-0.8781492313649167
-2.070697725093987
-1.9410446195925573
-2.64318631545565
-2.624282617594319
-1.8506693742071771
-1.0877188463174936
-0.9615160257177392
-0.4644904258341261
-0.8734052317972901
-1.0979804100694561
-0.3668645100911405
-0.10891646385044704
-0.9945291555102208
-1.0866709949641153
-1.5649079441004317
-2.4476041927629906
-1.0260611316579586
-0.9492087615057505
-2.131170507095149
-1.0354781183147284
-1.8312933318183409
-2.0109894498263694
-2.1703966618651735
-2.009623819095391
-1.5741641267718154
-1.7162757572072391
-2.1057945994981893
-1.9034727105539795
-0.9533633891009187
-0.9845900878992759
-0.6556950335662419
-0.7115726418107109
-1.654892339551832
-0.46240050937659966
-0.021698165411119456
-0.14562035358748016
-0.13807019798855522
-0.43214860662896226
-0.06759863901603047
0.45214018265998757
-0.2167784426717919
0.1373537132545414
0.7503563356691388
0.6141305659008034
0.8436549467282373
1.315759032841289
1.1704684102987013
0.6657905865553988
0.6959766722760737
0.05548917120077521
0.3485134201529112
-0.3055312393563376
0.4420879190052511
-0.29767256915862084
-0.29802669113783464
0.5791169761863649
0.9405328346878159
0.9292067608107437
-0.3511962563501445
-0.06929669120455659
-0.5545727890322125
-0.4832652884737425
0.3299000227943669
0.30749523600805323
0.2247595738268165
-0.14831659053528906
0.46278106221743565
0.5514054718883945
0.6016873204342309
0.74665999572691
0.8252890000985446
0.5886620003361888
0.8343230941726519
0.39584696914864353
0.6826230604781472
0.6520707743693769
0.6070584234167695
-0.5367976315977719
-1.2660863386284098
-1.7483224558420551
-0.49310436762493326
-0.599076639519366
-0.5975578366039062
0.20617606402912847
0.08006474489781479
0.04468224639880519
0.44673284988870404
0.004963404621852019
0.971195869972667
0.8440728457622048
0.5365712500084896
0.9267852882117609
0.2968391789089696
0.5661788961287526
0.6233067866828488
1.2389479656858209
0.8917237922539809
1.1427390186740243
0.7533754879108658
-0.808987570928387
-0.02080039518297394
0.6102454235610928
0.8596947204327071
0.26615569352478524
0.6566001970872971
0.2521598839267202
0.5808811923525545
0.5936278398341087
0.5328161890054661
0.7171479426852733
0.8805364681629978
1.235710801844315
-0.3450331768310744
0.6667203224578659
-0.9370550508521047
-0.7304362838170794
0.0967961384940878
0.815805256012615
0.9024543029836604
0.8011400122671086
0.9177096128689983
0.05054139397183507
0.5971014391466293
1.6168894193989267
1.2167168719911676
0.7470447283311418
-0.5036200645138313
-0.8882095192785975
-2.2806228407496083
-2.2726584678255484
-0.2749315945189762
0.6265951738514246
1.0649188591659466
-0.6043020539590671
-2.2835408727903497
-1.8338942031218908
-0.5867115972428854
-0.41144910383729194
-0.9228872817973681
-0.6174180372657272
-0.741412378771429
-0.01627327301749279
0.3993047142495172
-0.2172125290952038
0.32225343609581575
0.0072017228558518
0.054328820135328096
0.7750732226625057
0.4524563559802868
0.8062813784229441
0.9004482014364654
0.7630627618127427
1.0781545740044012
1.7020020833020777
1.6120247023437513
0.9898816247656879
0.35301617435756033
-0.11289132266424107
0.17039801199940552
-1.1126302677301834
-1.8014259934777535
-2.4128338508834286
-2.3329153364343096
-0.8169086661486633
-0.17895192095147838
0.5331861961327834
0.7002113955627841
0.5375857528394873
0.6416925178387484
0.8066352133158586
1.3592465336377886
0.9969775156145533
0.8098036743529394
0.7081126015981805
0.1311101662297809
0.04389854711043023
-1.275802858357466
-1.5704658185582365
-1.6004166869911514
-1.9048675814365867
-1.1936213891312268
-1.161789163313991
-0.8276325974165871
-1.7851211614123177
-1.0528649393677678
-0.3249469884609699
-0.11673864515385338
0.7914929454133034
-0.2975301054871934
-0.0707459101850562
-0.2655962066460602
-0.5551079500535224
-0.6991445599675019
-0.09995235304075453
-0.35120888764039726
-0.25746574189700017
0.3618731094084504
-0.27771277848216924
-0.6408783423254977
0.7112981635809739
0.8752193699181992
0.9297214565746312
1.072076230564398
1.1767021918638805
1.591043260412401
1.5179013162949815
1.7186921018187893
1.5923203685850644
1.402790280889821
1.2897410028280762
1.3992845786258776
1.5634488280831895
1.3995183333653998
1.7010558915347251
1.4060329954912474
1.6590340215620474
1.271493572183755
1.6544433077341263
1.6798021093874276
2.0071281556189406
1.2455842173451832
1.6516710954770406
1.2634212617097655
1.561496872713858
1.3154228834805264
1.4702416898715538
1.5165800034251002
1.393330675244821
1.6788990291038293
1.5200925664008123
2.1849952037790255
0.9806084933001075
0.5361820922884877
-0.3508257662324848
-1.7713119516984221
-2.554380107014215
-2.0692991404074617
-2.6200450765799723
0.0069077445619504935
0.5707410867206922
0.7299776583118434
-0.37745396959114635
0.6331203906838038
1.077963289842939
0.04420150633192445
0.900703617952859
-0.2878273368337082
-0.18018570117512372
-0.05845427273190879
-0.21641024050802435
0.019126071123447413
-0.4193693627536452
-0.7417417130095777
-0.40124767595867195
0.7729611886952752
0.8794482277452086
0.3026363996150481
0.3069064396486869
0.21123687581714168
1.1547868415064004
1.0845348788230904
1.277961724872105
1.1865450482611504
0.6153287005668024
1.1200290850868546
0.9710425797978877
1.2055917070538322
1.1924920025266799
1.2284017598640085
0.9753810872883714
0.9415409885465694
0.9377380004018593
1.015697497028973
0.9280865718466073
1.109862308323258
1.2488381004217624
1.2233547491917465
1.0507029464856767
0.27239279630057567
0.67392517057424
0.682703514410903
-1.8349817702672804
-1.07523581855278
-1.2978385558053596
-0.3344596776690551
-1.2302177299049348
-0.21156168393965336
0.34545985045434036
-0.23454456160866627
1.005351039783584
0.9525983641325458
1.2672291663859936
1.3076021780376632
1.298035863382622
0.7584554017220867
0.3540093927938192
-0.010379709322157107
-1.3423201232086164
-1.9834111191141013
-2.079342462684656
-2.0348186298504967
-0.16744247128668147
-2.1987639005348067
-2.054037221460894
-0.7434960720947238
-1.1501038219109558
-1.7111288559881244
-2.9847199503510566
-1.5840209213234542
-0.7049427938200007
-0.8911341519252403
0.0803270447339845
0.11373596209746989
-0.37644550487356004
-1.0402569347654642
-0.9998868350231997
-0.2684043152789646
0.3331897959149923
0.9511874433288307
0.805744219021575
0.8178493197177694
1.0757837951040496
1.2466338195997668
1.0634814324810096
0.1715049887413774
0.23669613807790596
-0.4275427334280463
0.10608678878336626
0.074201463346973
0.12619149532787177
0.3216559567311922
1.1184494819989055
0.9930563716901541
0.3680380464470637
1.144584620030957
0.6699428882885756
0.5661163705357206
0.009253787354858191
0.06530035627639726
0.4304093050082183
0.13559717035436455
0.289400065709265
-1.6021822871291673
-0.8095110049359331
-1.7627040094958586
-2.3923651226244007
-1.367115449740774
-0.9175188941771432
-0.8435886544221568
-2.4457214338393793
-0.6105062141325096
-1.4745375682661268
-2.395276525632041
-0.17400692644928065
0.007960960302486471
-0.08718118199009053
-0.292956789266954
-0.9241377481547115
-1.1505684244215428
-0.061247131998094756
-1.2321364197343458
-1.2379051127780136
-2.2526033133530134
-1.7138525562591864
-1.5291464378625315
-0.7061349388865794
-2.8955661166004982
-1.0286465204395805
-1.9054435067341955
-1.3889071682272633
-0.14685816731323048
0.7490514161310902
1.1123439408120364
1.3388577547100406
1.0906255428870537
0.973965414440277
-0.24461905070371404
-1.1716147036892142
-0.9276951017554537
0.03748107323013595
0.982261350622513
0.3452557583393307
-1.2390207305241379
-0.22176726365596186
0.4176889117736969
0.43589320134020326
1.2255129595094052
1.0964826702866328
0.7519994440221487
1.0740283902149041
1.3285829649083698
1.030123738919129
0.8250956867091299
0.8348414356295351
0.6288911559364615
1.0169708876871835
-0.6381036762510424
-0.4104496391735116
-0.007310613606473906
0.8334961088282042
0.028290362190877244
-0.6911086914766142
-2.8395676849506533
-1.0615639127044785
0.14522929007587557
-0.7213536394542144
0.6146294171098665
0.6631999233504448
0.3912977033922032
-0.17399006630150032
-0.2212089235660732
-0.19911461627588384
-1.074257352604073
-0.2652165229390425
0.6080606517460432
0.6968355533190074
0.3939455263892318
0.5358064648313712
0.809225108575308
0.8545995612855574
0.16136098635360896
-0.710799848460477
-0.646158571073426
-1.2151988220532135
-2.1057029555008073
-1.8431764068913206
-0.5849890108647398
-2.280218755460597
-0.37613259536274024
0.6859125746347714
0.9166487069340682
1.0321191488557637
0.3357841991985199
0.6939022111705521
-0.28200034835075954
0.4901500318732273
0.7152662812466719
0.08007948409846935
-1.2237972964466877
-0.15958962221103226
0.09662790381103199
-0.46616323999530396
-2.816345652485888
-0.5177803025047714
-1.6133988503590881
-0.27906705288349587
0.6650767378251753
1.1457826540110125
1.4085191440697233
0.9887940045549467
-1.183489613855945
-0.3325402989078994
0.3946764762319147
-0.16239435627695845
-2.6096127479279074
-0.35157316050842224
-0.21783635215199623
-1.1005320822021514
-0.08642410367696965
-0.07103435814544856
-2.2762128347805373
-1.6825708991795914
-2.5040342623042684
-2.554791624544321
-1.0875942831243852
-1.1351511046626928
-0.754889505546339
-0.6001111546985101
-1.1014265502045122
-0.9738347206070912
-0.9735119494820523
-0.3295599875198237
-0.8222184808895799
-0.17703425606391976
0.3919633788898967
0.4896451442895749
0.30829130863732757
-0.08093560341177845
-0.6198830563729884
-0.10146793603629951
-0.6503294493429771
-1.474599934287395
-0.39410392084585183
-0.7384965972105594
-0.7523395832734419
0.0947218040465047
-1.1100321792284495
-0.3420023773941441
-0.255832481951749
0.8006461828148138
1.0323411334910644
1.0612404658330152
1.1076211946089463
1.0326198663515709
-0.051171433383046305
-0.14709293551854305
-0.07689349369162018
-0.7117520881806201
-0.8431287639517013
-0.08580413268247442
-0.2149032168653625
-0.1534431612867339
-0.46340759712438184
0.11327567722010753
-2.1379324568812423
-2.442391982612547
-2.403256142958036
-2.4283616406110085
-2.6296191578699277
