0.43086665254823764
0.07165106510194688
-0.14500811633578767
0.05358476928707947
0.3836459205200527
0.31744238591430834
-0.18042459830813465
0.06566278054966238
-0.0935727982522967
0.08274698171365204
-0.8140726181513871
-0.9724058752572494
-0.3772690367807127
0.012912662783124149
-0.04487773840238797
0.061990198026304406
0.12462580206830239
0.2817399619029784
0.32198210781022324
0.41682058226156565
0.3078417117800664
0.4713664990674623
0.8272909709702213
0.5393832880764465
0.5258164062878937
0.6569676859686245
0.732203889746143
0.4974600637309258
0.3897359915202414
0.30928880996121083
0.033785068334311635
0.46253124392495376
0.38292281288762914
0.5496835806092454
0.33998077180389263
0.2974083879748912
0.3491252461207311
0.43312296883855395
0.5805263204614145
0.3684245136915919
0.39625925570531245
0.860134796861951
0.7012210338479303
0.3994078597567347
0.08262241218290797
0.03925814756164403
0.32800173141832
0.49159363289605734
0.3637675787202574
0.32292862420436796
0.12629674610185018
0.16275723882834128
0.028629064259671273
0.09567912590143426
0.3281286317335626
0.18396522334235188
0.4292304519181842
0.05373446892812073
0.7218670099768091
0.48924934725892616
0.6433141361916778
0.0743123517886101
0.060330727116220915
0.03773751646414641
0.10475876197244904
-0.30272495990979376
-0.116886101359044
-0.4834645195429071
-0.6380833641036506
-0.5909244418557724
-0.09349213496484288
-0.6274159555581704
-0.022144058137403784
0.06323893969703524
0.44180122393658616
0.09172291014472987
0.07744137863107589
0.3299860189061904
0.7502627719910361
0.4079482225633103
0.35494279393059563
0.848019718412842
0.4556877956902367
0.4063779494076337
0.8029204217350114
1.0646992673366962
0.9662639957751954
0.774275928968173
0.7707279854130923
0.8767407648712261
0.8220322157119939
0.919439537665052
0.692545706929737
0.5831677744917799
0.08357965804612696
0.3537051930909085
0.5052795298123953
0.5762275762524792
0.38284362220032014
0.5158736072043894
0.5741485916683817
0.4837382496667149
0.6919050581006095
0.44466014861339426
0.8159192016528733
1.022632064302004
1.165559704282909
1.113269338264807
1.1220993633405825
0.6960831081044638
0.6490220088032087
0.5790773138898866
1.07468453776685
-0.37296679042271724
-0.6415510726008223
-0.6439837217132158
-0.49396292491455585
-0.28003745356293475
0.07660264955295072
0.2296421867209597
0.3318254597714413
0.015004617371921922
-0.3365363112444689
0.25278673706534566
0.2512339744749712
0.30155687777656853
0.4378975603245093
0.5217432953432569
0.6349104406926901
0.4412682915553949
0.6702731276030189
1.0223866367235703
0.9865465442553035
0.669318589105726
0.8531720089364125
1.0529066431817966
0.57714331328982
0.5578832619898161
1.0728910730879786
0.8122888535833251
0.5438576640357846
-0.8183971215509225
-1.2867783436997882
0.29766838802638496
0.7577772845339882
-1.3586505267873759
0.6144463428686028
0.4039316316106608
0.7325383010698004
-2.411241551752137
-2.503659106799669
-1.607927020946507
-1.1524581376168936
-1.855967519105368
-1.7137379689687617
-2.547054929160816
-1.9697629600375828
-1.3132555158958483
-1.2576808435157225
-2.319093014904447
-2.6580146895363908
-1.5646272024755468
-0.5050860672728742
-0.16894406256087394
-0.17389624357665487
0.4598364314518396
0.6016559199180475
0.4491921305994376
0.920396765313754
0.7462873141032891
0.884849308074428
0.42595244649127817
0.3469574305716495
0.9871038479642545
1.198126013273195
1.0204142767125548
0.8375664587587551
1.1360573406546597
0.5947180684489507
0.8819756755866646
0.6966424641426544
1.0432770534850722
0.8356209288408556
-0.03699722944893402
0.499329516029907
0.8894929358883902
1.0563680156437016
0.1607958453326466
0.761054838195524
0.5157917391036586
0.8674231171030564
0.8486728288780133
0.7417934970291021
0.524854089194483
0.8505889540949706
0.22575855664643302
0.06819940180511272
0.3815847156595966
-0.7816902731939681
0.2233605241402111
-0.3051008945239486
0.2665138223200512
0.38204548610068606
-0.36751540709953395
-0.4215204622503012
-0.0028593655995693234
-0.5948566158154455
-0.0773145779426636
-0.5022550192007118
-0.8600134861918801
-2.3445022104404627
-1.0014644573530058
-0.313889084499462
-0.039611439881296895
-0.18635719984308655
0.187426479482708
0.3597441111679028
0.5963731855242688
0.4349413303841571
0.40299801304907457
0.3945130168423329
0.838472882292284
-0.18963634513852082
-2.5606472812106316
-0.59069051338355
0.17037371710334331
-0.03192501399456193
0.7481346483686119
0.6470531393410457
-0.025876290639965074
-0.23151468790554158
-1.0693459269659988
-1.9418180788687198
-1.6470114605682131
-1.3013189845825792
-0.7685692579687197
-0.7984852990488054
0.06129795163341529
0.013278174611397018
0.0695088656411161
0.18411563630641317
0.32304057613299475
-0.7814785304403639
-2.09186117871993
-2.29943263348762
-1.1559174114813486
-0.9577738344210049
-0.37639946218611964
-0.775598527648997
-0.5415725795169211
0.44127271668875057
0.6392936199016593
-0.056497354034496294
0.21094603155216976
-0.8406081783416772
-0.14739979727230784
0.16492072995724166
0.5491004660677116
-0.258105180115597
0.1551451514082967
0.5886603700703785
0.5014071341814478
0.7695070066035002
0.1238179456712318
-0.17949299890328405
0.9058507557570039
1.1616419406678236
0.3113943795850157
0.5142219372911827
-0.5983208937035656
0.3962499567441499
-0.1768451957368896
-0.1236223432928629
0.045197156098863475
-0.314916961863995
-0.2612597943412256
0.1949742631362273
-0.457048799754427
-0.7687015392391023
-1.0140203458649948
-0.5529549910678535
-0.7582249232093845
-0.9395679704371143
-0.7349017734730249
-0.7184581310217119
-1.032902471483394
-0.8902386543373281
0.06991570800471754
0.3237471262044719
-0.9066670377037739
-0.7308626962026811
-0.5394598599311744
-0.12888572073323454
0.07156750067250517
0.04742890242844593
0.17220566708794643
-0.17455199967396173
0.6583743245138507
0.7440388967691007
0.7734622530422544
0.638576649780828
0.874463417713641
0.0905753378434753
-0.6412353658480903
-1.8674298929954147
-2.408523488616353
-1.3311336144084172
-2.4611089209718946
-0.7872051090334395
-2.6232405843397686
-0.9228777331502744
-0.7164882331334282
-0.6834801074899775
-0.3680627477993376
0.08171293765767461
-0.011399283989122806
0.3208970254206526
0.5774200425738131
0.5055486733567276
0.18031435574853213
-0.23820706745290493
0.16441636420420588
0.5948544955078755
0.641015132235738
0.7837219853742649
0.3612914844397291
-2.564337646497728
-0.590605091172217
-0.2713854289341584
-2.7918548521531075
-0.2010889761518892
0.10787160027103658
0.04241479256625066
0.04154160870147772
-0.19065457628417146
-0.31350295580133725
-0.04264684503481601
0.34805187534245696
0.3685428288840472
0.2102197608360907
0.11106870700820148
-0.009821025739005616
0.4727355680733499
1.0379329912277773
0.31740588029329836
0.8106728603378431
0.8222757022756533
0.5538268455260618
0.4340858785849006
0.3179827360196836
0.30361736985875376
-0.0743544918947788
0.3024079036565245
0.6332316449685061
-1.185439052613641
-0.7343686306874687
0.013405762143170177
-0.6386826289164945
0.015672692372522785
1.0286370356795926
0.8716853704868764
-0.3115662517072001
0.33782279531676523
0.4907180298269988
0.1532869490633237
0.9634246516370307
0.6297131128779047
0.33838065894440356
-0.023786246352560065
0.6819541470952908
1.2776725342993147
-0.13342342779037933
0.38463753287890873
0.6360070156919074
0.6150022499494542
1.0605719856820974
0.8508440678681045
1.085383756445541
0.7653774551986329
0.055766471619495606
-0.15903177463221901
0.3712954935490826
0.5325991139264549
0.8644489410642032
0.8174139730778077
0.2755382500816511
0.42031767792736474
0.9050831016277768
0.6071393852755146
0.8265048276580627
0.7852565176837304
0.21148303681719768
0.5601027410597176
0.43809295271860904
0.8755734583858683
-0.45891144153060737
0.07587292903914178
0.465005240048681
0.6055815700547387
0.36730322367464907
-0.24788501737197285
-1.059180974280582
-0.28804077748516094
0.5135268145402702
0.7361028923130952
-0.07940659125520504
0.31494286217801454
-0.0662259668052068
-0.1746383792669153
-1.6315249745898173
-1.5967310859964934
-0.7925556644574631
0.06498202495211426
0.2944624220578329
0.09289500812002435
-0.24732974237373798
-0.5653126447817284
-0.052826496319618665
-0.27832916459635254
-1.848061633427852
-0.39570935680332076
0.4135928705511475
0.10449801189378087
-1.2603498789551426
-0.931064984000657
-1.4314274144890153
-1.0912945373802014
-0.8087814989475471
-1.0345262232711996
-1.1898853259060278
-1.8549249834511805
-2.684695614513619
-1.4408184265122377
-1.0237639934640552
-0.08142063725269266
-0.08466204964825895
-0.4761833930587408
-0.43825878956447234
-0.9952217086143277
-0.4713185578295267
-0.00437207712812516
-0.9433479277533073
-0.8034665411763758
-0.18418516797772572
-0.20551523273372738
0.613394174180573
0.16487315854959742
-0.7070229211526262
-0.2966881109683394
0.3378421997930446
0.7209923438026022
0.736732983451778
0.9837948210730347
0.5602266117182283
0.7470243324646543
0.9631680669103978
0.3000065855811639
0.5481268760235176
0.10266194746708295
0.36193963841823085
-1.3217902461753894
-1.688398721126314
-1.311224503359183
-1.3358201242401666
-1.6907475301004538
-0.9157264438930334
-0.16890280183748368
-0.9487830945856556
-0.5318953775129497
-0.5095371872101181
-0.8052027753217041
-2.4823360751531163
-1.3126383704746716
-0.867595520195847
0.08286078410641455
-0.13256148175617605
-1.4824862687632818
-0.8823687974315451
-0.870359653897287
-2.3724316949235162
-1.9536726740221404
-1.2220434601305097
-2.3238384381446946
-2.5694634089330015
-1.5685812919469673
0.004172749391453403
0.409578419498184
-0.0909869831766675
-0.10305184568724104
0.2751470648914895
-0.2028361450777716
-0.15129957596653076
0.6608465356351826
0.6309229061886789
0.6770605110081193
0.8136774060371715
0.4590219525164934
0.7348923626798076
0.5864594156797989
0.47457313163778325
0.3914949962698496
0.10977299827367747
-1.9862577940833763
-0.890814689707431
-0.8846258874879521
-0.29602486245063714
0.014801613598214329
-1.223922854587305
-0.7138211690549804
0.06611941959847899
-0.15010844691859107
0.7237184538476964
0.9393829030373999
-0.5210324440440742
0.5751059473261202
0.5557528279276109
1.0020017982927476
0.7932177325812365
1.3924632566577628
1.0527557000623382
0.8379765041655203
0.8088663405576801
0.3639066235569329
-0.3147386507871359
-1.6168613162269012
-1.206269625396893
0.035543549456853125
0.5480851665379652
-1.7433474690101127
-1.0105667015369262
-0.6332029346536407
0.2654264175820423
0.15408622204970118
0.4216483223074248
-1.728161801619208
-2.3642914995566504
-0.24052881213104144
-1.4432152601660644
-0.7385131835667638
-1.6116950726104913
-2.628504300035277
-1.1730233238952255
-0.4546976433284489
-1.2022551437536184
-0.4500570356676728
0.5054316625268013
0.29676433534487195
0.06252766250984802
0.16367902666671644
0.5163424286545616
-1.3775802730540079
-0.5458097236135356
0.020935002364232964
-0.34018228888319807
-0.49857892710918916
-2.0928410511564843
-2.3802000695788865
-1.6094567328109899
-0.9573884258727398
-0.992713695797376
-0.3616710331362546
-0.20770350675414942
-2.3503624496027453
-1.4264803592145086
-0.496990272225481
-0.10158492216864656
0.06784104040842999
0.5536316495442983
0.024296176220151518
-1.0576967065554863
-1.170909588104209
0.06730090447101725
0.47357592031370327
0.4463730835312555
0.5034581423935639
-0.35982451860007203
0.033322371295426104
0.0659564621870014
0.013096195072483791
-0.003278092965448249
-0.6799335947320991
-1.4297100071618554
-1.7965752778702069
-2.241434412334285
-1.9323050950122498
-1.1819095802433615
-0.899856877046826
-1.3601392924389584
-2.2419223816828917
-1.202242233123852
-1.8305446752979566
-2.3847181812236937
-1.9461629825548414
-1.929405604378069
-1.7945262178379429
-0.279816748212735
-1.1491861603419562
-0.35300197205032674
-0.39751778861409237
-1.1243603755954834
0.04574323568419046
-0.16118793726695163
0.3786914731571115
0.8073645622197189
0.8807682072198986
0.41040718078618327
-0.16906971338125923
-1.311086466435945
-0.05038540125304434
0.22383107802747895
0.38796767604169796
0.29467034624442867
-0.7267530318701924
-0.7117834041957867
-1.8740762018238932
-1.0235397840976168
-1.154872300661005
-1.1607184352049305
-1.0422575163101473
-1.848990493094469
-2.5149963227884724
-2.602320158096447
-1.7823637325255264
-1.0303338646581786
-1.1762847080194123
-1.9273876389642057
-1.2819958487081082
-1.9525122647597097
-1.7041112581974591
-1.9515124867455034
-1.1887732496631356
-1.4498850077952579
-1.2450219803659688
-1.4869700199630207
-1.7356865547903912
-0.6630011918660282
-0.6097614674675516
0.4195925083795619
0.5962952255303432
0.37687745065202455
0.3229429953313252
0.42182610009865684
0.45281586459399764
0.4843059024212156
-0.5727620861216784
-2.8689936020948292
-1.2713750428272148
-0.8143973916161867
-1.306225229285688
-1.0974497419444051
-1.0997533408831799
-0.4262886635015145
-0.8096284351129251
-1.492383775643189
-1.488136149054093
-1.690191763852409
-2.8119045455005898
-2.4528560815512996
-1.6256225157996913
-1.293727612691202
-0.5802071174795581
-0.29211324730256877
0.02937761452947067
0.03563882150092018
0.38517306485371805
-0.43750874994637623
0.07635629622634207
-0.27525739328352794
0.04306460068558866
-0.01834320753616588
0.7308089084387683
-0.16725633688159927
0.6245336662110758
0.7428842345083215
0.11377125597743475
0.36318735137362995
0.29778265884449373
0.5211546380933167
-0.8306841043228952
-0.1489155089739375
0.3881133292735249
0.3257738544200862
0.5682936500769794
0.4525729393077041
0.16047914845828157
-0.11124474054448141
-0.5350764199817329
-0.5443690752819597
-0.4651916547342888
-0.028579975424605962
0.3929505155282165
0.36196464963895847
-0.14258022627191136
-0.6361393240240866
-2.3699454970054563
0.020044438923505964
-0.18023686822740212
0.3266200019288018
0.3119642003226463
0.42983779777713715
-0.473741322227277
-0.6618209090542765
-0.9395579561220918
-0.25436198170884916
-0.4489619662309231
-0.10917958300062
-0.13364651310668624
0.44973088656831645
0.3264965153504758
0.34406235857997297
0.4064441505020136
0.35834162016190596
0.22189074371240572
-0.1241829321083286
0.385608120948535
0.37410842220589596
0.6458301252139949
0.3120284818032023
-0.35643566211892164
0.05630173279632578
0.32249600772588755
0.3507586684471411
0.30450456129144265
0.07556301568114716
0.5926961222074377
-0.06182011434215256
0.20573246563831735
0.37136555802543253
0.03807784189209139
-1.001379360916432
-0.27100865986269346
-0.043504815179779686
0.07040247549185501
0.07260671803886454
-0.07824439114743782
0.08086431123579725
0.27693022240123344
-0.009666458006083675
-0.5409009652299972
-0.9340793816945779
-0.31521449922517025
-1.2071231186909428
-0.156000380442141
0.5780120496295448
0.46876803380311344
-0.5189543565168909
-0.31332338713577573
-1.0329479382090907
-0.7505581841286325
-0.10316865951267126
0.09247529263142613
-0.11347074917275342
0.14473851591567685
-0.5127807470638062
-2.703305101977739
-1.476516639243959
-0.7724176362019525
0.13144584536628276
0.24336911023461585
0.2665485167483931
0.07570713349625234
-0.11798319221729503
-0.15922630147696845
0.1145726976653834
0.0822696917346563
0.2990843962405507
-0.5321941171920626
-0.892434638425308
-0.33873760473040565
-0.09471497405027622
0.0856129973570839
0.0843963184902421
-0.29146261980979143
-0.04732376217610883
-0.10035411220735854
-1.8216961136786674
-2.604156833078897
-1.6009856370475268
0.01756659416745255
0.06444988000803978
-0.09700434534170373
0.48394139353286564
0.4542905657209322
0.5972029970949888
0.23450586380297925
-0.6210032305463968
-0.610146906605843
-0.049680130304880894
-0.806100227925157
-2.5018641415010814
-0.8806666249104688
-0.8202208254472602
-0.8266902500819892
-2.3851767261652923
-2.4466349035645263
-2.184469224431583
-1.972235149303345
-2.5541105865677673
-1.477222192211777
-0.23570621767574293
0.0910799669755242
0.07779004751782062
0.3746616279328664
0.42611021088889267
0.1985740896422402
-0.7137574141589502
-0.7033789690184312
-0.018436214696508534
-0.01732284808260496
-0.5422072472669971
-1.4647894161684294
-0.9962698411388141
-0.11555839707956259
0.588269862417266
0.37082896277524197
0.5692823612043496
0.5725097154049179
0.8120010126901553
0.5925599088440957
0.8722549891700939
0.8619807113918825
0.469259354533417
0.566944782982168
0.8464630998518821
1.0204323233330086
0.08153898037342204
0.43611519622804173
0.5626883794009573
0.5072556761770945
0.4306700978042769
0.3687277436635514
0.1192276777795657
0.45925433021632484
0.6154517402566354
0.24034697719093479
0.36861046019220967
0.045252066082274486
0.20731333475597208
0.2074650048566586
0.10430769406405825
0.6239078287352461
0.5736052417627777
0.5172037149551679
0.2660766640278545
-0.11204299306186358
-0.002997701428102131
-0.6851589753113031
-1.878715400050671
-2.5402404199180495
-1.1952055562338013
-1.2891427791199201
-2.513491838757791
-2.7268801220328127
-1.139346310891763
-0.4568480440494717
-0.341513628441841
0.41461841143636263
0.38342869460475937
0.3211239100986691
0.250553567993823
-0.7460602637713011
-0.7489051182087516
0.0905496673350401
-0.015152869672633889
-0.42456451766451775
-0.03120536367585287
-0.7463025258128564
0.061792151715552336
0.044193411641430334
-0.9569416559392577
-2.0812271596101852
-1.1948279839901463
0.5766542140123239
0.40444036699146924
0.3743045673005802
0.38282446825428945
0.9304795164704942
0.408141459459966
-1.1930913732176123
-0.4023539467563197
0.041627519898944775
-1.5321891795718747
-0.3044018506903457
0.18656482589714798
-0.15994665050976323
0.1552725877217329
0.0870716276952471
0.07551813697053976
0.3837582009369612
0.06683362424682866
0.2989977952669586
0.31956028770561345
0.3427745684335694
0.34208706440940645
0.060292184169577455
-0.09345753231788964
0.07094511650511963
0.03977063941899062
-1.2450519973642475
-2.5836165053598026
-2.5422080669080223
-1.0759681961317367
-1.3022662691966966
-0.19075460336297428
-0.15435989725235277
0.4423470204677664
0.41956397767538517
0.4428976154738273
0.03679770219423389
0.19436020921662017
0.1881818347796084
0.24571442916650857
-0.7201268662714168
-0.3611958595609638
-0.5368444127877432
-0.9278328288872106
-1.909659832487909
-1.0304747433283281
-0.5693349034280706
-0.9444559270701802
-0.7294432018797041
-1.6479260548342969
-2.65882419300521
-0.9768283774547462
-0.6563831240375739
-0.48295694344822143
-0.03411214463164597
-0.5517472071765498
-0.4621105336478763
-0.05764696594568469
-0.10484991554714862
0.050090108080148146
0.024013919610383985
-0.9520404009739466
-0.5007067303193058
0.24949036689959567
0.10295338640645903
0.17145016531050294
-0.2675171280820778
-0.4106914052796586
-0.5414070961654248
-0.5382682502349162
-0.5041843843606978
-0.4434985604318423
-0.07992818715784586
-0.7590426478552341
-0.12612446430362187
0.07065559748804959
0.26564871949925195
0.8311034616192379
0.6262650332511629
0.9165979185016384
0.8979309291826862
1.08836648481323
0.6330281888224201
-0.005364879356945658
0.07022143087325654
0.2742102240291639
-0.14271522591768196
0.08722487418809502
0.04508940151109596
0.09002613972882667
0.5657439594539346
0.48274944556191585
-1.4413964226473028
-1.4413888302564433
-0.002143384144663297
-1.1074600266166248
-1.1857486505558996
-0.5442365138963784
-1.0520126477812048
-0.9022419002152012
-0.41698774759045726
-0.1019182617269107
-0.5338612699388481
-0.5972520472764928
-1.0459892226980418
-0.649628289217134
-2.009514377247795
-2.4685693001133453
-1.446406142868156
0.0184933981827444
0.30083557104382336
0.10477725138212111
0.09844985959986433
0.3420367530682569
0.5228317926513378
0.4791548204851388
-0.2549996348822977
-1.2082498979674763
0.000980761484439586
0.29768419046422256
0.4335068003883807
0.503119472283974
-0.8697441185370941
-0.08143276085702371
-0.05046000903532851
0.11770378817984532
0.3006333741234887
0.3423373608373231
0.44609804454802077
0.3231494602469175
0.08741583450829801
-0.29532884192021974
-0.4013297963355531
-0.5839863245849987
-0.472648338034865
-0.2503382996879316
-0.08750101092036318
0.28590494585425824
0.382259756813715
0.3813522890532943
0.6273024742929365
0.876120064181283
0.964997921212176
1.0197373133053462
1.1956767734948832
-0.53094123303192
0.5546219728734025
0.5427676406830857
0.6817685444228329
0.0026636773042371
-0.014170024835360565
0.3330340081419076
0.0788206112023099
-0.3267863460175369
-0.07607625909384137
0.01698401011459743
-2.348446232567866
-1.3691170385357745
-0.28441490418867293
-0.14990336648121977
0.40848190364233566
0.38163610009269083
0.5328803749378845
-0.9175343749215296
-2.7046200493561092
-0.8769632996288699
-1.4409251438435764
-1.287648146769256
-0.5122283063410473
0.10128226838637791
0.4114888877723516
0.22920928044216335
0.08002948008218147
-0.45126361748298743
0.12100171803604443
0.08553762543031021
0.16333586637622893
0.18943413901764466
0.5815032441218327
0.8168682673749451
0.32041782440470845
-0.19896200179989504
0.2572763732626481
-1.1772714384424947
-0.16535828026857521
0.03504334181600261
-0.1732103550149005
-0.2391508226875725
0.5076971896056002
0.5258335528988002
0.14076154397080143
-0.47432578531912745
-1.3784165438552258
0.7390703777134888
0.8692347319124712
-0.43393920583748086
-0.30590159752132035
0.032575088506917836
0.5530045957395253
0.8289058967545884
0.3752262380946065
-0.8087462229063797
-0.0772370811358379
-0.16858556979095574
-0.1149302894619639
-1.5925472998098147
-0.42982081219614166
-0.7096148757608336
0.3123370829291746
-0.16986709542104292
-0.47071469689913165
-0.7055178901069853
-0.542263365248261
0.6473355887312874
0.36135411882455504
0.4211960249853495
0.7249202732394747
0.9575650402172622
-0.33609036766347516
0.277532139363783
-0.43549615401802483
0.09104744161515513
-0.2689604002948359
0.8047150898022942
0.3661458104685401
-0.6976910008070459
0.30119172687057555
0.1792660939328303
-0.2699424200837253
0.1900315880743178
0.08961540427750403
0.5167319638837417
0.9402344718162502
0.0598300055013249
-0.30620087114852385
-0.7036757831029696
-0.988508401696377
-0.3637420393047221
-0.5060625501749483
0.05694708867517405
0.11560177963968661
0.38964090848921745
0.1634010956486416
0.026625131421959908
-0.0694909817157649
0.061749459839640995
0.09880243162100356
-0.3941135745028027
0.17167515259090352
-0.19381737136646907
0.6631767593099909
-0.06490247150212518
0.7458346989543753
-0.36400747595532673
-0.45037271955652075
0.03345274331329467
0.28836966573244
0.062078162392714964
-0.07538644294706935
-0.2593422087983132
0.09108574301545984
0.06226644252080287
0.4639744134014713
0.8079018918048568
0.47727028166364943
0.3157491850202411
0.6689711660201832
0.6393446214120421
0.8943999633948696
0.3961018344151987
0.8152169462704563
-1.0304471256029712
0.18664199588913674
-0.9440289602149106
-0.10414006943165463
0.33715520299854135
0.7861629159867843
-0.08698061476231282
-0.5382818154624118
-0.9379378368042344
-0.7866138655401516
0.33340829570642516
0.08203954836318587
0.1422139509926686
0.2742352084948436
-0.0824922918970129
-0.10767217587064322
0.07498474641733299
0.432233139292184
-0.18499094882051223
0.47739256297108473
0.046650085004005526
1.1773334360735765
0.9028537335918082
0.8424278051137569
0.6965582620891267
-0.15770293613442712
-0.1235642478507277
0.020469927786057995
-0.1296484047565995
-0.18734265044160933
0.6316513747521929
0.7896646765806707
0.9658770019270388
1.1754928296989056
1.203064380703104
0.840299241923666
0.45351274095256267
0.8076192249433919
0.8781879276317286
0.5882604176096342
0.21219401053633233
0.15437142882083707
0.05829546979634127
0.08219466707207772
0.5023116240834198
-0.4678357937340854
-0.03734082646776461
0.0579886388161654
-0.4737908998291091
-0.5673577298606584
-0.7011332245194012
-0.10371222521075808
-0.7377730804617243
-0.07310902159521394
-0.1630251524856255
0.08988637026372338
0.16986442739620958
-0.14576525534887416
-0.12505325589349844
0.09358122369700173
-0.0653977945909308
-1.3072045120461053
-1.789890714502255
-0.9245275642866029
-0.8084909065953736
-0.3845842181508677
-0.06682765305658876
-0.6829806092964291
-0.1595756070552441
-0.551912211771518
-0.5375749482725954
0.04815720183801512
0.15399829956516622
0.23343554784550632
-0.05307811955913749
-0.12099730063689611
0.050075331245130084
-0.2943842091059376
-0.33771866029366665
-0.6846568087207544
0.34890753814907016
0.45103142070844277
0.3479271000500879
0.45189923907979784
0.4360708742046623
0.3396115464480398
0.44128197844399836
0.3728959242783119
0.5739550250622799
0.7847121557830958
0.39732829054287316
0.4101195489140412
0.37499973633574696
0.25003697377101086
-0.08431905058476659
-0.12888995710267598
0.04592209875551446
-0.05563079204100757
0.0324593109705735
-0.014136411982733186
-1.1728058880166203
-1.2030542015476864
-1.8234762901397956
-1.8969766309880363
-1.8369941270561363
-2.3671916494877436
-2.350929604759613
-0.5162652708633673
0.02234520240232485
0.02966727375929007
0.3758704853783352
0.10132452573928849
0.3067128016968956
0.3761320044687408
0.5275408363051673
0.3032898089402713
-0.079826111737051
0.030861302151888165
0.17740310970931902
0.36504375754739726
-0.16040279303986354
-0.14819249581428595
0.41230968506073146
0.2745529849595081
0.08908205803847466
-0.5284683302148717
-0.14404117803739397
0.07312810673393168
0.23470955498010257
0.4263361500433956
0.5384564447886796
0.5844405516490138
0.3457806575856837
0.45607380360540484
0.5826414299485456
0.4024170298225684
0.03268871384355496
-0.006051915869710051
0.23162890494047836
-0.34968747866901967
-0.20323081823065187
-0.48198684746129594
-0.5914737602384904
-0.9559639203135367
-0.4378028405817213
-0.178903043519587
-0.7639662974723854
-0.40027234486058216
-1.278900849042161
-1.7088375871093517
-1.182536110497118
-1.950132976366546
-1.486467495105701
-0.9619814673254329
-2.589963076408577
-2.35775968109675
-2.1383860082160906
-2.38139823057465
-1.7283673734713652
-0.9766370187456676
-0.0016833014633026544
-1.6545904645248763
-0.3739990576322611
-2.2893869541554652
-1.8399807817456826
-0.5633889562043124
-2.0596637849318533
-1.465387923907958
-0.8414163476503909
0.4722772826401109
-0.4831254860917197
-0.5642494139326882
-0.35093161774449566
-1.4697820388150042
-1.070209722453566
-1.1520097318914575
-0.6968488492807656
-0.9502683874243302
-0.5768767108583669
-0.3120576732103701
-0.26096231304186085
0.03642765333784581
0.3039274731819985
0.551752768874728
0.7079537062737364
-0.027161439198894455
-0.05785351661216078
0.04577414989715029
-0.3264559226993485
-0.19953840813057303
-0.18768541097347619
-1.956013517294069
-1.6677486282153378
-1.110235012283958
-0.28872537669859405
-0.6789198879624178
-0.439212828157666
0.3019723230985051
0.33490708675797
0.13125862589151516
0.8903440633174254
0.3546893310766941
-0.48998291264565935
-1.1482684358730937
-0.471586592863282
0.18936361956477496
-0.965586311452359
-0.9546230553394958
-1.0748139544456239
-2.374071126207236
-1.8546101567694013
-1.2032486511808638
-1.210152302895209
-1.1965769405057258
-0.9877808019951726
-0.6888646259463608
0.14147425248969955
0.2422055670435411
-0.558619874529396
-0.8629100230904833
-1.1702638841413429
-0.8171365519583695
-1.1136331757960096
0.250924475411544
-0.03146057948015609
-1.0188412052474374
-0.008032416302212162
-1.1727046490394188
-0.012338061246474527
0.40203012114697073
-0.5295080696385988
-0.8172899133786117
-0.4904379245195221
0.14887352628120892
-0.6702322782587081
-1.322431587154714
-1.0057085376824728
-1.0166671093472583
-0.7631535290271506
-0.904457524754236
-0.32934067341875206
-0.9604429671508693
-2.0161420761802598
-2.6291494649704106
-0.7713262782998592
-0.15947126876818324
0.3196349743801596
0.8445067474545863
-0.17032524942393668
-1.0274360751869849
-2.5210115872427132
-1.866388724605254
-2.466381308566984
-1.609801879808123
-1.375263289259798
-1.176235691807746
-1.6559191694497204
-1.1305157731085425
-1.662135181428137
-1.130072169129129
-1.6692253491916982
-1.527734245558476
-0.48045085284195505
-0.03362682055058051
-0.26921215191611086
-0.5563251833340185
0.2043850088800571
-0.7218275038006421
-0.5612832745636095
-0.15752874780559503
-0.4731537063888526
-0.709200296979015
-0.8845322356875043
-2.204230783005076
-1.8979119178032613
-2.4657806392649158
-2.6093931056186372
-1.9488810723600436
-1.0826034592041822
-1.0148787155571666
-0.4315358825576689
-0.7901260438903591
-0.9416531475286908
-0.43612966985115525
-0.12266885854734098
-0.9749487993244512
-1.047647805123534
-1.6015596815205484
-2.2666652454047065
-1.00587085437589
-1.0628838817989932
-2.287078266371133
-1.157469117352888
-1.8799039523971557
-1.9842993442206052
-2.1723281717437515
-1.854648885992035
-1.4897694829992556
-1.6745815287517032
-2.313431033289035
-1.9500157284537007
-1.104786676158226
-0.8182114235436024
-0.7940002345380421
-0.7862785259035635
-1.6716134754786618
-0.5813384374494622
-0.07322602384919173
-0.19490235877505638
-0.038785810293185854
-0.27675617251450846
0.1495821754096934
0.34997843768096504
-0.25836233197792313
0.13068790180630238
0.6809866050065752
0.7073413850912462
0.7305302214447063
1.2238349842621459
1.2528105803041145
0.7851176477379419
0.6811460421465616
0.013250833316319216
0.4964375417685231
-0.30763224022362784
0.4611733490151213
-0.26586795259590124
-0.40258933058479485
0.5851191139387905
0.9323137870179855
0.8223493429811809
-0.3164516739411166
-0.2620180006731089
-0.6002897396786739
-0.4441947349360152
0.4697593054645835
0.251042120811715
0.026260371563689332
-0.1881215626048261
0.2676280007586581
0.749826479479764
0.7363289322828798
0.7531472878564239
0.8546845475024432
0.6609136849990433
0.718279156673607
0.38544646262275506
0.777316629398485
0.9015891302087994
0.7478365666537056
-0.3948685971216337
-1.114623442778944
-1.5981298045902488
-0.5239261544485133
-0.7656411434737497
-0.5228193902588378
0.29031873761358135
0.1291298180236676
0.026419502007947897
0.44390417329790793
0.030312343028994444
1.125553869068124
0.7903283152266514
0.4923119705222339
0.9667512338085943
0.5191606548661752
0.5870398100216979
0.5839485574397083
1.1639766076206624
0.9660869227365616
0.9598844278110571
0.6521343628491613
-0.8068147141409499
-0.16413265809117186
0.5443003093499311
0.6807696014984358
0.2588520489173117
0.7392626816831968
0.07241412058005961
0.5827268114801881
0.5654869252483998
0.7016908641402536
0.622008237067144
0.8065758799572438
1.059626029027041
-0.2059717891944847
0.7449392589586349
-1.0178305086400345
-0.5418809084505611
0.2875847886871611
0.7424570018520075
0.8571851766200502
0.9368681601710985
0.9123172255210888
-0.0494833963689262
0.7006450834889707
1.3827797119524587
1.2436567446512112
0.6957369490791994
-0.3315434927836312
-0.804878147535626
-2.3605164236388276
-2.214972239714903
-0.13841430823225134
0.7591876382123965
1.1062114664568825
-0.6832400222786805
-2.4063249903957606
-1.8884184146083904
-0.5953496963984639
-0.39097124202082373
-0.8853770474721412
-0.5731970927032426
-0.8535329790108609
-0.09515398259641362
0.3437166846574385
-0.15432309693948185
0.2446047590084328
0.17398102530035325
0.09441511313467742
0.8371755355636469
0.4169314067632119
0.6538682358129956
0.9235592720055414
0.7383561885255536
1.1288027526615032
1.594279749444665
1.6368653439553047
1.1967576339546728
0.3319357515463716
-0.17078174308172653
0.0007816659550848851
-0.9989188439616902
-1.749455064721865
-2.446293285711889
-2.4422835194110997
-1.016232107774038
-0.04542475699615755
0.47462869157030874
0.6784242485514398
0.6608245852257874
0.5250730078289346
0.7947963032746147
1.2383438549541606
0.9128763830364612
0.7951352888358579
0.7892002880635042
-0.0034653386095522165
0.00418825792533092
-1.442375504917003
-1.6515037509500254
-1.6748713907692445
-1.936529726947381
-1.1842507876798918
-1.1809110082716079
-0.8628583478748658
-1.9169189084781777
-1.0076661693078641
-0.18090074506325204
-0.25013370622997433
0.7732562943053545
-0.20377779840605958
-0.11021464064621347
-0.18677234810464421
-0.5677933457662545
-0.49490228093160776
-0.19888117153490928
-0.2359234506960565
-0.1752833109285074
0.5060832140397842
-0.16649061995623077
-0.803418801837396
0.6313111407806529
0.8676525801778393
0.8883063004323296
0.93653802859058
1.220699500027427
1.588611249605169
1.4552003708363852
1.5523737535240036
1.5934432108888636
1.3329424655670372
1.3490373544558882
1.26355788546741
1.5434882775731897
1.398496603579684
1.5959143909979103
1.6026569037137166
1.7208779462516912
1.1317801217775105
1.7611326490824573
1.7426857136845288
2.001732910506725
1.0570275930380306
1.7502310894511084
1.2708393321343248
1.5287976913051353
1.2819278869141895
1.4775439385537141
1.418806895538671
1.42007709280386
1.492268033921212
1.528795874017009
1.9801010892393516
0.9210581564882389
0.7026351594729977
-0.4131618799573505
-2.064470380112627
-2.4994114233880813
-2.229316545574651
-2.5686229042934356
0.09543979970372597
0.5387835952102219
0.7139105650186132
-0.2745931742757944
0.6360186290490273
0.9519942294160858
0.12252477640230026
0.8460809861566387
-0.19606618944189763
-0.2944919246632853
-0.014608506202345306
-0.26130749131275677
-0.1279311393603648
-0.3607183404995767
-0.7269118046784154
-0.3650296961815317
0.7898099591791253
0.8170000940834052
0.28860560085331005
0.2686063728457339
0.1328582931505588
1.0073589597629342
1.189202355224244
1.2328161465607186
1.2023632993090274
0.5639812670998438
1.08921236338486
1.1535526716318987
1.1915291097535143
1.2512108176516803
1.050916222956605
0.9043996176546398
0.9543555494520852
0.9616784681890344
1.027900415883052
0.9225941085609239
1.2293521669457717
1.311613467165483
1.1019241587365776
1.1611435428723507
0.29431760950490865
0.7830956376890225
0.8508934177369875
-1.69789438210996
-1.1387889379353253
-1.2376335710143391
-0.3595037984952586
-1.0819475950418729
-0.22411005594526326
0.307884788351099
-0.1542084984249063
0.9904451383089913
1.0757204399917064
1.2934767902016535
1.2358517762762677
1.2540597720126299
0.7496741429973095
0.3264559339824891
0.09009819782198784
-1.4760403452843278
-1.9536766993327486
-2.0980880942218856
-2.137686409246696
-0.14899160513308868
-2.218284399176455
-2.019818313370711
-0.7252844945444826
-0.9725855313887111
-1.629850528711757
-2.7418064608552695
-1.6575980877682552
-0.7011948411656963
-0.7953449101510947
0.037469599885166176
-0.02244725306339581
-0.38071952511337337
-0.8650800145092609
-0.9594327741130793
-0.29672077352185405
0.2954353805148767
0.9658547098244877
0.8008263854094836
0.918499256251688
0.9433452271050787
1.1280923999190546
1.0878861099440695
0.072660767966627
0.17096017619562948
-0.27580886762704526
-0.0002541397183071858
0.18620995734386306
0.046646855869521095
0.30467759215857815
1.0090988770195983
0.9112881425635465
0.24243172061220195
0.9701637801441331
0.7436983575624627
0.6141216927754505
0.05679723766946832
0.18365821392980514
0.30457426430219126
0.28003080201317443
0.1541449158443137
-1.4957298352181851
-0.8975828244013488
-1.9563698262276599
-2.3730465454879
-1.5008227844038637
-0.8251715638344617
-0.8047811888724823
-2.4915293752859418
-0.7256859984484988
-1.3423955435666888
-2.303578970161908
-0.16031917950581942
-0.011406355389211484
-0.12465247821988698
-0.2315737879631447
-0.9375237332423539
-0.9653017832293244
-0.15037263944407128
-1.1527548885018961
-1.1620179236679267
-2.2985695761136387
-1.6107558821963281
-1.6001153683267393
-0.7392946242192349
-2.8061060197965624
-0.9592537982862904
-1.9628720804121296
-1.404936832623132
-0.09823259775502292
0.8235114154886792
1.1136348519078454
1.2686361535719308
1.1240147943979466
0.9004247456073718
-0.25888196619164594
-1.1785788012915128
-0.7796158722346058
0.014606969274077777
0.7795827424305889
0.4409586683202456
-1.17195733863549
-0.2563244552383838
0.34996696388390586
0.585372489584265
1.1558605835604574
1.128433104318177
1.017203085138404
1.1172059080856696
1.0429986866763954
1.148122665418221
0.8472499579224831
0.7992938345098171
0.795008744656153
1.0347821103843275
-0.7267148829893578
-0.3352747445898988
0.08212427405362906
1.012853870036984
0.16765749838558955
-0.7058105941616306
-2.7796277124687507
-0.9546842974984565
-0.06019962199792137
-0.7484728897130056
0.6879538055475998
0.7130693937044782
0.49115109782440386
-0.14127510256095682
-0.1479838043720195
-0.15986350991512305
-0.884517903866281
-0.29913420126315415
0.660660152757546
0.7751233433035847
0.433000207179287
0.5882538802326581
0.8893552020096124
0.7886465326356105
0.16195439851778656
-0.6937410475989905
-0.6568200410278139
-1.2453279771852597
-2.2366638775549776
-2.041022187045781
-0.5784570772510121
-2.305998911912762
-0.5762565288739208
0.7308471887911937
0.9582475051566176
0.9803446977989797
0.3666870009337213
0.6405866081881962
-0.3955400553353051
0.4604829498052084
0.7540731962055814
-0.010897592577038845
-1.2891035381263987
-0.2944492709814267
-0.011963223229976857
-0.5122245135155796
-2.794588065774604
-0.5104829717300907
-1.7008729858556477
-0.14733940538169493
0.7279089860447527
1.2722105061910638
1.2927344234209317
0.8313886340911474
-1.3308343876738995
-0.4666604598751697
0.2836465764172776
-0.048775709806332314
-2.385210847115554
-0.31866726894526903
-0.19870061518272913
-1.1763995659317596
-0.15671224519462787
0.01531207700911386
-2.2779199084203046
-1.7482751838819148
-2.5342940608210673
-2.5246941805735275
-0.9951766712308003
-0.9750104084887461
-0.614176937531243
-0.6314288374388336
-0.933134183330136
-0.8756026794317007
-0.8389477895363863
-0.33244888754873053
-0.8739181599748996
-0.1806359553186673
0.2950613895621116
0.5893409883023332
0.33610929500480424
0.06788863206992905
-0.5310090060625099
-0.10725231822884965
-0.7822394383547413
-1.5923781458873996
-0.42540302412418585
-0.5931590998630963
-0.9195984959133311
0.0286451849579915
-1.1935354294938223
-0.44521463300752634
-0.144313930956852
0.6348950356549009
0.8520965044466366
0.983209054068752
1.0535095736563709
0.9931437468550889
0.00040139397060398694
-0.12911173607375745
0.044761878110748436
-0.4748723199121074
-0.6603031371722426
-0.14263409852200787
-0.2021660721649263
-0.15855133331009177
-0.34124327007167793
-0.07888004808758856
-2.1513294691416607
-2.46420821512712
-2.418466207666912
-2.5827527020858096
-2.643818509008081
