0.3490362184555265
0.22330151306506993
0.002200446123345529
0.1156543875165746
0.35173209041199816
0.21182693660115226
-0.0846589440131333
0.14400588293257144
0.002509699718051762
0.2304103544177734
-0.5936480290030064
-0.7717936987278026
-0.3559080433234086
0.07055742361551676
-0.27386422278874434
0.03811574835987717
0.28214656729295384
0.3320026861231626
0.2806437026547925
0.5395543811407318
0.5352664319918784
0.5037001216869756
0.7011196804728516
0.7643515695784321
0.8037430924289982
0.7172234092927245
0.8540869773844842
0.41120201589083477
0.3590092592973062
0.2883650751984744
0.18203831853794925
0.5273683789441835
0.4850140877418029
0.5694584227677425
0.46843216594900905
0.2372364969660812
0.5479978694497366
0.3768050231168694
0.40793853070311137
0.49006727571501657
0.5479180475118789
0.8536947688082863
0.6468293053585283
0.34492350700741925
0.3313674226898126
0.07255345381712244
0.35860149053178975
0.5323376659868762
0.5329339293310029
0.4141615355412768
0.17248688030757423
0.0947368685432332
-0.1740735933974542
0.2845911714229626
0.0525138891038696
0.28482352666876537
0.25971496158541646
0.09036088310632258
0.6484023655354861
0.5956474059457336
0.609880851385637
0.06186467781437297
-0.010889132826422242
0.01889942996173451
0.1818405433911033
-0.11446437343891121
-0.03780004024755862
-0.298791943474416
-0.5049990300808224
-0.44339165991543383
-0.08927623191026392
-0.34283753865177335
-0.088756703399904
-0.08984679530805408
0.447044219709558
-0.2773818184818119
0.13956383774825554
0.44980968317147535
0.6184021183410122
0.5195932138654905
0.538964385636435
0.7052506739364576
0.6554765471827501
0.35004063288481724
0.7550144081826152
0.9267975898680196
1.0040013134278643
0.9645081126011155
0.9284463868849057
1.0310199458451013
1.0892827320575587
0.8904870598263084
0.7230354569764313
0.8135947538347894
0.1766262183154519
0.3228580192504059
0.47617966975913845
0.5931339901538648
0.6502374986351072
0.6013221223280301
0.7179682620280718
0.6467171374749895
0.7095765216312014
0.5242037553637292
0.6524191219183251
0.8634564121260947
1.0952383641182433
1.0669319894965565
1.076697763796242
0.8556401393348639
0.8438614259924483
0.7429509438692711
1.047287335229351
-0.13894299844349725
-0.4389710184357556
-0.48809323380153113
-0.3902807289586888
-0.31393478962011656
-0.10205369006661894
0.14404458406916945
0.261326891212034
-0.06621590025919268
-0.2768513934440407
0.21328566009186606
0.14869991964579965
0.23424700010310265
0.4396103855866245
0.5991419201716196
0.7543480317974715
0.4659741537690671
0.9049607892014473
1.2129327761016293
1.1695375207784549
1.0494097837258178
1.0679647953484073
1.277759738325032
0.8358057982137602
0.7321874160586884
1.1054583234734063
0.7321835482895696
0.9359382540341147
-0.9960133229370026
-1.318215993969168
0.3186615234625216
0.7080762508463133
-1.3311041629422462
0.5116881133068061
0.29033285266945985
0.6746198692038726
-2.2445358799842716
-2.445544805540769
-1.4147189922780339
-1.0856495780296784
-1.7521822467332273
-1.6096680076292744
-2.39145145803719
-2.029967400222561
-1.6616119242878724
-1.6393703633995667
-2.3460126802724184
-2.8817606928916826
-1.9193867136751133
-0.7371883567599647
-0.18027378924024845
-0.18424712485930658
0.26965935764571947
0.610716625052795
0.54834725342298
0.7677877062791681
0.8198603626354021
1.0337266296309946
0.786629477372106
0.4347803150904969
1.037621509288617
1.1917981990858948
0.9241455752032077
0.9857569452782877
1.1995277293821296
0.6064323478565881
1.0437386355402054
0.6921262007720076
1.007428113926492
1.0967705247856883
0.007420152819199206
0.6742757109638083
0.7643402189735926
0.8368354139436788
0.11146450825218093
0.6193344129839675
0.48212427477323505
0.5866121196491739
0.878914631521572
0.7305484414203363
0.45326327765316055
0.5581394162965488
0.2509058378331871
0.10461447674563924
0.2507848629259432
-0.9017679963991544
0.042149139672564825
-0.33131965929827045
0.13588900334208134
0.2883298496957116
-0.37192346899635315
-0.43653736435634516
0.004677997881112945
-0.3303435429253344
-0.17709822938610845
-0.44104526174103675
-1.061891700217201
-2.4486801468031514
-1.3042957881113242
-0.2976174621132359
-0.011456189560927114
-0.1585387272796039
0.23950701876288996
0.37512742810404553
0.4237749310739497
0.5241245870140653
0.39457597435535907
0.625655781438052
0.8505145360774897
-0.27242571893523493
-2.2384934643322065
-0.675216583034022
0.4570377650392267
0.22144544110047135
0.8101856036148468
0.4368441338637403
0.04353537417304091
-0.06831363619124027
-1.1645733207005813
-2.05936490322792
-1.6475034244508495
-1.0222891203761828
-0.7145345383580743
-0.8012678877980646
-0.002756220046810987
-0.05440940191293351
0.0026207555160927287
0.3218170442748604
0.4328512037428475
-0.7817321165687999
-2.027364355856417
-2.025486961176071
-1.2364262433783548
-0.9899483547118466
-0.5521144136755963
-0.8035839825192346
-0.2468071438216615
0.3955162676335048
0.7080132566794762
0.041562550904454786
0.23165343501440358
-1.0251284155202456
-0.11972336036961208
0.12044440638713572
0.5511176958630303
-0.47278092711759495
0.18859168342127244
0.21837356327280993
0.3349331455719901
0.7048475519074443
0.1665783344133792
-0.16853860464647527
0.9239432333874965
1.0764196791379663
0.5004541390476335
0.3859801894203147
-0.2187527184216121
0.41167851297752794
-0.26359924094019915
-0.0068127227667827495
-0.12869823869801303
-0.22561612829770203
-0.593479056408599
0.005212299975580257
-0.6062058307807605
-0.815186801411433
-1.0173943118932092
-0.4536740076238887
-0.9666424347907053
-0.865820169040152
-1.0269089407412832
-0.6973377644357944
-1.0136150433762097
-0.5430303144757075
-0.15532503608714437
0.05288285949820919
-1.2433678938150396
-0.4757936192047702
-0.627334289378872
0.04686902762298155
0.5592604304633023
0.05715056030155661
0.2836256240787781
0.26100109002955624
0.7135268068999279
0.769326437889201
0.7963534162119446
0.35060005358632557
0.6364261960254378
0.003914229402294792
-0.8484533867298453
-1.5922200807756692
-2.2774522109861697
-1.2735606047528858
-2.4817179960224536
-0.45390336821264315
-2.444016182476179
-1.6765919784887664
-0.5440370176460401
-0.7103381812784848
-0.2334351781022482
0.22464640482759077
0.20507886733010205
0.43293490654300376
0.5438600757952109
0.4823127092117671
0.266851232981234
0.11017950542243868
0.30158542663604415
0.6061874408839714
0.7530332523548909
1.0287393796596913
0.324591777567801
-2.3593437805959474
-0.6265008587568831
-0.020554519761053037
-2.441003321794761
-0.32551426331968203
0.03375410796444909
0.09443576474886614
0.029386074971681855
-0.3417485343444013
-0.44576622741166816
-0.017434334878270223
0.2679755141352954
0.4163115897793963
0.27701025150143327
0.22990055989814567
0.1355193225809186
0.5386502723834891
0.8123971691960383
0.42671383816315417
0.7301198443848456
0.82397386141374
0.4208066592131633
0.48832695449438485
0.3050388934475766
0.27287466204130434
-0.10987526639268345
0.21056039365960846
0.5168026200829583
-0.8246748868130741
-0.5922401639074446
0.12187083434787593
-0.6117360114796154
-0.19110009493401872
0.8989346624934991
0.9475930250289772
-0.43586811770173134
0.15192070344766373
0.5804321967151116
0.23183607391032054
0.7872740804011784
0.67465820161448
0.4032077038789635
-0.040246537855650646
0.7049743403824628
1.6203284143260461
0.26760398578785155
0.47603520174439967
0.7052679988850583
0.7143939487161018
0.8502664411782754
0.655141849554135
1.0854030589887904
0.7911651772279426
0.19562477618261706
-0.3462746520525305
0.2540888992780217
0.506802885832242
0.6962111736655077
0.7041062157815333
0.2475558832550586
0.6829723386355443
1.0205760439161928
0.674336279684128
0.7641214885118268
0.7758475281811114
0.33769141354551724
0.6056325849542726
0.4976492198837136
0.7174544717646711
-0.3652713144147584
0.31421268201072766
0.6307544198995911
0.6508551366541295
0.455543636131663
0.05370969069737357
-0.7828500613747166
-0.2235585147076804
0.24537377487556686
0.560564286679793
-0.2989406668506363
0.08115659007290611
-0.08208484085614619
-0.3165099547233043
-1.7829237955352786
-1.4904071940194699
-0.5378969518281569
-0.08114931354604885
0.28851610834268826
-0.012673587843938986
-0.6332541903105806
-0.5205722006668173
-0.2318291695094949
-0.36692552612313445
-1.9510703999563979
-0.45590063668832437
0.09208982105491811
-0.05477517562888562
-1.4046731984688083
-1.283985361549006
-1.4842140123606318
-1.0638916636135207
-0.800843437789249
-0.8942480544209952
-1.4545390101280837
-1.97204644221769
-2.3108218726941976
-1.7325186722378132
-0.9220953882040627
-0.4155752522032637
-0.1607156873613869
-0.4179149337120175
-0.4351850743615579
-1.0610909040658272
-0.7787629392879947
-0.12259056719090869
-0.8425333204376548
-0.7595276128488736
-0.3708829411694127
-0.039660175106771
0.5177224548402481
0.1768042382732531
-0.6822132427211757
-0.21371404564642357
0.3359747349400739
0.6400365187528833
0.8013609006416793
0.8320225125291992
0.7081786635188598
0.7820332786637805
0.7314231084417934
0.31304001642156404
0.657884935307787
0.34246915429594393
0.23301150025019632
-1.2669304097168943
-1.988849402049577
-1.410500315390314
-1.4320040136099308
-1.7944088303999266
-0.9194503998306744
-0.16674302156129098
-0.9823583044514039
-0.6286520678411118
-0.6823187445241329
-0.629307276223476
-2.2197309093708326
-1.4407604493303032
-0.7016084062047926
-0.10711409157008438
-0.299102864865547
-1.4963157957118773
-1.2496591260433643
-1.1075429050534882
-2.0265960052589445
-1.9849756017998335
-1.4505894956223708
-2.21518059004217
-2.427511379676273
-1.3112230758065244
0.0838685752374753
0.3208381011231644
0.11548940293028354
-0.2709614482561714
0.24762469251059313
-0.21923349946187795
-0.03247531368738663
0.5750846774087687
0.4993043022765863
0.4381309693282995
0.7178591385288736
0.4284252802960481
0.6197638079956559
0.5540827900250299
0.47464311957759336
0.5967806996439878
0.12403707326707401
-1.9107590041531088
-0.8368999769853279
-0.4572835154363207
-0.12727599302963505
-0.09775607255187357
-1.1795234150676561
-0.7900184423886537
0.27418366023966007
-0.21512945503134664
0.5817973354403251
0.7822755072833578
-0.319102145971991
0.6456519441742881
0.7230591651312009
0.9619809226340778
1.093946259173323
1.11680316125755
1.0015138022578498
0.8313089950063475
0.8733755112221183
0.46740789126671345
-0.44476664246427344
-1.7230394488503202
-1.0358082185823831
0.16955867599401792
0.6535546864651202
-1.8053953103190497
-0.8972789043862811
-0.5602503653395756
0.10350302332669724
0.37334231004938395
0.35159457883958606
-1.7780452187183156
-2.3856300869876237
-0.4919718049263916
-1.6840638950119526
-1.0232161894020064
-1.8419244512613684
-2.6664982516515763
-0.9557931171959069
-0.5193299757370164
-0.9672661223979413
-0.17184164327629475
0.4835472708738901
0.4658131897074069
0.033477569518300325
0.3978882821473673
0.6345860481098493
-1.4433478555648442
-0.4654845662129655
-0.03495160742287531
-0.35138179899069316
-0.553280379762766
-2.0521569950371403
-2.487196043175199
-1.7403114511878177
-1.0303869890962356
-0.7985554985970712
-0.2898718808165085
-0.4455532532464961
-2.1406110929265245
-1.4026818102663188
-0.2983799765517951
-0.033588823428929424
0.19720715207364312
0.4269846298888749
-0.21373446319704778
-1.0859455681574999
-0.9190090645335592
0.28985242520532717
0.5810657905617725
0.3475464312979418
0.4768139533243662
-0.20780644302812387
0.24420703646369293
0.10490752089298801
0.07425317001900233
-0.09038076669683756
-0.487273873859417
-1.5715848500340035
-1.956493652460041
-2.5124013220717782
-2.3501183065611957
-1.2454532814424104
-0.7812524184833995
-1.7859099054193348
-2.0219335602078243
-1.130444512806401
-1.7829016226856715
-2.145636746390578
-1.7948436014261415
-2.1677668089131097
-1.7763996408162654
-0.1799996016859113
-1.0364654408260998
-0.4562615634206649
-0.2581643602942055
-1.0448891026868374
0.21408530858035005
-0.020253462867635578
0.42855403787233864
0.8742839503962178
0.9375042102225469
0.3756262219557417
-0.10754831619014804
-1.2235097682704656
-0.3202174341425862
0.11213361468833938
0.3464219289161817
0.20662184217074894
-0.42486755398058235
-0.9615823289997653
-2.0542329695958244
-0.9596144924289108
-1.1152355105550726
-1.1342274244431836
-1.0178462119373977
-1.5962108912180526
-2.407978926516286
-2.668711531361004
-1.4612724199991831
-0.9691582580387517
-0.9643331438779235
-1.8776559719060184
-1.3833013988186103
-2.1799329558946985
-1.8014653565065422
-1.9829079465393686
-1.1905099300509279
-1.2403907186362415
-1.4753928062736503
-1.511187298074983
-1.839775852130582
-0.6874302553253786
-0.08758076799021575
0.37117593728309084
0.3837736223804224
0.20241048452544927
0.2924598381518262
0.29475780885279007
0.1866265098943
0.32720023469509807
-0.7127841980228377
-2.7542284658822167
-1.420777943525377
-0.5544836567950812
-1.0768429911304607
-0.9595716892920009
-0.9342475702250663
-0.2699177251958973
-0.899029072072317
-1.1396535868322426
-1.2154769358407986
-1.8143596300809441
-2.5616628095942553
-2.4724962832470547
-1.8295448562649068
-0.961873127289582
-0.6016673305248225
0.08146614316819603
-0.1661639993339863
0.05107304012147557
0.2132332628064451
-0.5055881982228745
-0.074444580335042
-0.11740088909751613
0.5264164050313866
0.11574761050700101
0.5828656273225262
-0.04141261685792349
0.4769962928629301
0.5695291642773893
-0.08094022372631146
0.2725297436380642
0.4210595048094633
0.48761387892041547
-0.506376107881909
-0.007331330275375243
0.28322207956195317
0.4303658198045119
0.5098175098747812
0.5612179174905434
0.22405968763765152
-0.21807114641069852
-0.4479692331682133
-0.4377249815528881
-0.31029300974295204
-0.16789678800685487
0.44243231277819167
0.5557690106044705
-0.22666931916315905
-0.5079874906829479
-2.0588891065626753
-0.21712728375625015
-0.3852447981266942
0.23134627173367078
0.17909751132798277
0.09212130174490604
-0.6939114311655421
-0.7484238015908096
-0.8132611906256787
-0.170728517999789
-0.3378948238703195
-0.05919382590093682
0.21337933802312017
0.4308213662911079
0.38658293373223096
0.31245810076909425
0.4073321884479332
0.24172555849305874
0.29692212409609986
-0.003939895292850224
0.3018298423041914
0.29511816121695167
0.44129966434848394
0.2541262294706222
-0.22274581141906494
0.2337283531332417
0.43048028358801743
0.2757872568214038
0.2101533146618358
0.03849096997323533
0.45879002096691684
-0.10750389563259224
0.08896555042824135
0.2962747403019335
0.22167818361418737
-0.9205901759129781
-0.2895417236687493
-0.3222919857712975
-0.041025294805370885
-0.013601871234366961
-0.06095376584210499
0.015703207808388974
0.029594606354814302
-0.1211981847715994
-0.5401866283331672
-0.6389998416333466
-0.4151060966313013
-1.2226286025593072
-0.18803013981799924
0.42998583337455554
0.3648163811464034
-0.30182639677049444
-0.5702587141898177
-1.1002025001035385
-0.5736516529239418
-0.19268311489920362
0.0705727081527798
-0.10333672652224243
0.09581831177577411
-0.5111199940300769
-2.2904175520817103
-1.7858258043919375
-0.690871565513801
0.03134876473508398
0.022995470846399784
0.42259614861938916
0.07547625842187924
-0.11584631857023966
-0.16989900804450636
0.06292434403616283
0.172724126310307
0.12268181891674722
-0.6231228229132507
-1.2618856079239502
-0.3247524991021283
-0.40200781592050533
0.10558341862316933
0.026055731168360057
-0.32485369420480087
-0.1742517239183105
-0.25940313703302553
-2.0796353561551078
-2.2859159575240264
-1.5480118581445448
-0.20061098475683
-0.018633121958099037
-0.27955608686563505
0.33991573731108693
0.4286538889134715
0.5252852046463804
0.19029877513825214
-0.44454325553612223
-0.5972935324031342
-0.2927944487278502
-0.8675469095369375
-2.2326120145457087
-1.240014498878271
-1.1830433244529284
-1.0850183938187958
-1.7029099265986087
-2.379881439526238
-1.7930048442992736
-2.2539103117249337
-2.4447527992047347
-1.3779985301629807
-0.36392183148747037
0.07067914119812743
0.21109299937430356
0.33385850976185727
0.30546317695037734
0.2113657064959409
-0.8072470152074614
-0.7997833464359588
-0.18127408281385285
-0.04491854835462123
-0.3841949894391417
-1.6013352140187667
-1.1453525784339857
-0.13035561301238757
0.2303451396848771
0.5643757785810487
0.4941332960557706
0.363629232327464
0.6280587204522661
0.768836176633615
0.9841828672461982
0.7803711685973249
0.4295884307470376
0.7154710720805968
0.7579935451864797
0.8849797995073792
0.10971373824022075
0.4321201662529803
0.516331069920395
0.5869427758659835
0.47660463848732343
0.3897550406131033
0.23790593704460786
0.5215125564225073
0.46928259612838186
0.2831069541594834
0.5456181246258307
-0.05566489722839895
0.28304260897665945
0.2889799048557792
0.06224636092616271
0.44887180066074156
0.6392914089571323
0.6286731725120519
0.12360608375137051
-0.35096954272109154
-0.09114051323098082
-0.6659686437174582
-2.0339331347514267
-2.439882284191025
-1.1952873332881047
-1.37525987374152
-2.363424284353759
-2.630192959672836
-0.960163488116696
-0.16289301065178424
-0.20261676247785712
0.14834846895849477
0.3583490246700795
0.31653376247122
0.25449880857815543
-0.9113326013581612
-0.8712988939694093
-0.1272803531192675
-0.11380858197875779
-0.2896250991715378
-0.12306170982557803
-0.587081567601488
0.004682907073798244
0.042470994605491995
-0.8038870189976429
-1.9203611621635635
-1.017855755971092
0.41209492723349017
0.24122241973860964
0.2982531393441356
0.5049838444322969
0.7447489457455662
0.2613465013122939
-1.2839107441355644
-0.5179554064411628
0.047751324876821
-1.3548295642893045
-0.250169865125959
0.24371866988690363
0.07648688828190342
0.38154642941530714
0.2724198103628491
0.33184930539273666
0.48996069302955053
0.3600626837838021
0.32392504507452935
0.11545194514652111
0.4493860080686046
0.13750865924437647
0.18639628297336946
-0.10249193177905071
0.2620117593949623
0.3355917202958422
-1.2805058090571684
-2.334196586736801
-2.3705852733009807
-1.0479974841162374
-1.4535667554388958
-0.2083815984705517
-0.1272289163960644
0.3275948568167079
0.1719347395985909
0.28507805485433074
0.04575433910479899
0.21728285229185884
0.19593976974591334
0.2090977639989258
-0.8916453791718497
-0.3224198359110388
-0.32172817120037817
-1.1204829839993766
-2.170356444604393
-0.9091841012111838
-0.22500200098573211
-0.8027227523430455
-0.5006913805014056
-1.6521062527855646
-2.2678345696640787
-1.2761107093071158
-0.3132674337493858
-0.33909250969462973
0.023256769205271904
-0.33202257157618853
-0.32449030642547666
-0.1570407484210153
0.05013741712240934
0.17030173286846484
0.1252544627553757
-1.0780480311912317
-0.45459955051184703
0.2340760488178105
0.12916271392307285
0.3696048202829255
-0.19238329826791792
-0.3518087537222474
-0.46842384594140624
-0.7657361450593029
-0.509700889744572
-0.38561079796696085
-0.3568939057697252
-0.6473996455565919
-0.0944844383041009
-0.16555933448357574
0.38012614752185087
0.7474024837833025
0.7531553415488274
0.8187273600690431
0.6991987067688631
0.8179727095582702
0.6063384865225786
0.16949921812374177
0.09293551387776008
0.12270498787552118
-0.4968926995782702
0.20572397103404105
0.0663654483477311
0.20876681945453254
0.5088985632298734
0.4590798181489137
-1.3868605667339473
-1.64192575242825
-0.0021332664428518233
-1.1049730997240368
-1.1665141932367409
-0.49997873535710136
-0.8846280089467973
-0.7523914540567144
-0.2493687944355083
-0.14677870699093182
-0.27152613373683965
-0.5021185712833524
-0.8763592790199854
-0.5686462014575496
-1.7947822516742813
-2.479729616629156
-1.6299517114527142
-0.2240733567687825
0.24093856595405794
0.09639777736298176
0.2804807710430877
0.3371473461624253
0.5349923239426017
0.46834700424168335
-0.12623154228845807
-1.3486843884023607
-0.16995710512180934
0.375614880125509
0.3369371899651246
0.2217123440214647
-0.8277270576984568
-0.30664575437929553
-0.2865545040752834
0.19154057016494536
0.4028655403411058
0.16667306452678302
0.5236889710707884
0.3740791689385315
0.2801740630530142
-0.12823088233871274
-0.45506868010596674
-0.43746127845620925
-0.5978786069607048
-0.18973913738951007
0.023681016166959872
0.42584225716172114
0.127310783654606
0.4937413665057026
0.7832511994745028
1.1293045580276613
0.8657283750925888
1.011932463761016
1.1022955015229052
-0.3573055974057665
0.6196333620610393
0.569570959435849
0.646250663938459
0.289390957263926
0.16925168362306067
0.4154685680792144
0.1950686177467806
-0.12270055139325751
-0.30991477903598336
0.028747156480001708
-2.3778026855334518
-1.6418829200625902
-0.4032921066985118
-0.1826293677326911
0.2269374607845933
0.36046495030474407
0.5742850793046426
-0.9235306897565586
-2.320483938357583
-0.9322147849543789
-1.4645614438085477
-1.5846417796957943
-0.5686138119992987
0.27907795139220554
0.5511538481601226
0.4235620842937197
0.2772815479452816
-0.5484196671677644
-0.017117769699937925
0.32256805156191504
0.25921716961047186
0.2383761970629404
0.5805163394929308
0.77804937293318
0.3536208021757807
-0.2275171782940333
0.2250162799484455
-1.0622272347001263
0.0273151464307454
0.34791851320996975
-0.012008075660056397
-0.7198907290669514
0.37387183904953175
0.47062174969055764
0.3617509410648144
-0.616146312919975
-1.0753997652994427
0.6095624004713078
0.8788850039835909
-0.23609833625405183
-0.4411136825517793
0.15002350336423714
0.5577123643249965
0.7013825124954483
0.5421133319432052
-0.5686468977210789
-0.3162129885224635
-0.08452953664773846
-0.1663960848752644
-1.6600680087282977
-0.2785229063464087
-0.34398612412948487
0.27688732903384455
0.09848376590810738
-0.520670685814567
-0.9922641934121064
-0.33368423510088446
0.48400358795493853
0.4896161219750256
0.4688277419557836
0.8308526470624228
1.1117889657919613
-0.22082962118338575
0.3765599889544785
-0.36055951472171527
0.1781351282537822
-0.42196035776083657
0.8292762946759673
0.5807953973387848
-0.48433492688495783
0.2277882186986698
0.2481168878939056
0.11290980887647953
0.35472626921969624
-0.2572485523353299
0.8223908819212384
1.1258197766843738
0.10624031719041617
-0.4586940608656628
-0.8566555894656132
-1.0160625715784841
-0.6363556497238511
-0.6426723718230827
-0.039230672096609735
0.05990159621201812
0.2829352365226392
0.1998529877728095
0.08498986995093437
-0.4420560668639236
0.34689900142911106
0.22180282218318567
-0.15709350722218904
0.3389930440109464
0.006966434778790427
0.5602193328782666
0.0807868128608259
0.70170735388088
-0.33771299070652067
-0.5310903970520997
0.12086146351119238
0.1374564585690347
0.1646337299642692
-0.2429506893576032
-0.4825937359425322
-0.07744068973480236
0.31508536117624725
0.32124703950011024
0.659666500293587
0.6849021028284932
0.34072370998314
0.7068977273471848
0.8235792691288281
1.07313342918661
0.6273747455676018
0.7950691201463104
-0.9507354282743344
0.03469411608564871
-0.7196707341661573
-0.11403133399472351
0.3102268721438369
0.5080473288983657
-0.14241073539091736
-0.6905764451803054
-1.4506294085919718
-0.7070204630744897
0.005586831564641661
-0.0366144584974291
0.20332176384075804
0.32303017116720356
-0.17262036759212154
-0.24686994629121842
-0.025364665409883906
0.26926114535714873
-0.20125183273881367
0.42362162902000555
0.2523391300065332
1.122251776758224
1.0646788183140325
1.0605271297687389
0.9813377902844034
-0.1382977776057766
-0.34004560394341315
-0.2783713583486667
-0.026538364851319364
-0.32306565883267785
0.42078366151850216
0.6488493671618009
1.007626232907161
1.2158718698604314
1.1481169556711526
1.0529034498825227
0.562266707465462
0.9675015552991422
0.973897907585602
0.8277503483557128
0.4948269773625483
0.5100986057313054
0.29345762237564654
0.3380814522544207
0.5770184004333787
-0.5128551393189528
-0.13035032204239425
0.2580023070568441
-0.4325660921557542
-0.42981541451098565
-0.5040435194538186
-0.2322627596001548
-0.7913655702636474
-0.17471012026659574
-0.051948022256864075
0.24478567705684748
0.1292045411063995
-0.2233401442943024
-0.14501543663650177
0.19921355746258554
-0.37676299009102543
-1.2051994596008362
-1.6359685199775402
-1.093658433581378
-0.8690670870965922
-0.36665894691733136
-0.27098770714962084
-0.40258645008257926
-0.38033824617936896
-0.4828945729879782
-0.3622898838192402
-0.022171425248516532
0.12918999840430448
0.3406632793821485
-0.04583581921963278
0.059756931556094926
-0.00903189323168684
-0.24824110090374268
-0.2251595959594895
-0.6102847816984939
0.38341402390247803
0.5483549908197801
0.4895677586031448
0.5754486986449617
0.5393485202175123
0.2837872704987845
0.4787111978912515
0.47589531663584844
0.6279078031145495
0.8116522152798181
0.5534271103419154
0.5654499477851409
0.5655195123596463
0.31210568160891
-0.20517479393070165
-0.33187528330457877
0.05623625574448401
-0.3820640374883391
-0.17610889617652817
-0.07677024929991887
-1.3525614583336079
-1.2099062453857425
-1.8553312298183327
-1.9727570375826997
-1.9478602953406285
-2.276366224944965
-1.8129044365990883
-0.6194742911000451
0.06073800928775881
0.17349793746593573
0.2839909640074426
0.23394139065180383
0.25965171753786154
0.5208294200528851
0.6274288721756324
0.40129283756253514
0.2649446302427005
0.25956104823931075
0.07704636877385966
0.289315340030699
-0.212218304472076
-0.20387707234354283
0.2821556206283199
0.29093467644607723
0.17217085700098766
-0.6698633174547439
-0.21449130176114675
-0.05233993121742714
0.45965494729998513
0.42647757416866294
0.4544563492972398
0.5832046584494588
0.4396506225039959
0.36662382902728036
0.5259146648810434
0.43315313346723666
0.12298365565498733
-0.07541085535634814
0.14690392079973616
-0.5733898480723626
-0.08043504836713491
-0.33666620975896294
-0.11129912830243938
-0.8596499342956372
-0.32911692604146126
-0.4534904544033752
-0.9305346043183127
-0.45616504431310884
-1.2046439725703841
-1.8326390435208049
-1.339219063299142
-1.849730422382795
-1.4015861846353033
-1.3002557754039767
-2.3400099072093767
-2.409070725315791
-2.429818444968515
-2.7888077941731746
-1.7477420703628632
-0.8574525247749264
-0.07436069971197597
-1.624900216596142
-0.6503504205578517
-1.7033832458892515
-1.7681453107431089
-0.7907665553188604
-2.0853912008552906
-1.4309854624423448
-0.7174230191819849
0.08737977896978591
-0.25259578767255036
-0.7834721492470365
-0.6402931348234684
-1.3879254016594533
-1.4012443025832944
-1.1328189840711231
-0.788101262514861
-1.0101466275084157
-0.480742820319802
-0.17498965049512336
-0.18731084357973884
-0.3081532460468601
0.05772227837615631
0.3447895828725166
0.44199602547569183
-0.030987327528051035
-0.052931186412281395
-0.22121753163563293
-0.29770171603200923
-0.0550794232580654
-0.22764556154649984
-1.8530990120422979
-1.9599397934460012
-1.16920997760752
-0.45237985779813833
-0.6150876955875156
-0.4345262323909882
0.1556518350452614
0.14844609682487345
0.20424043719979204
0.38015570964973183
0.17169441932464888
-0.8638864226493043
-1.478774019746495
-0.4856362777573381
-0.09138932281026946
-1.0570306551004574
-1.061426439362674
-1.3980652371200668
-2.060048624100682
-2.0609768072264503
-1.3405655682795279
-1.4377921661665372
-1.3721484496242484
-1.041688008399568
-0.7155207907521753
-0.3063111577179144
0.07985224003305123
-0.5360019713447899
-0.7506617297341888
-1.353612903251532
-0.884208625744112
-1.2004826217546047
-0.1421591086463804
-0.1932290820881529
-0.8442993232510337
-0.03058140620936472
-1.2401607264836592
-0.3277663730822687
0.2517506773187778
-1.031923160166108
-1.0399466243975335
-0.7145130445323581
-0.3247443652314988
-0.8508573817461851
-1.8101588458555118
-1.083372175184172
-0.7063680943046851
-0.8770332111512172
-0.8820801426132373
-0.533679081289386
-1.4685512430033572
-1.8731321385835682
-2.584239262446495
-0.8385602277439638
-0.2670132731366344
0.25389796919363306
0.5500989711378843
-0.03778390093845262
-1.2717794733667382
-2.378272142576072
-2.272263639782562
-2.661347118273143
-1.5481915650951223
-1.4888775620702186
-1.3021627022812983
-1.5613727731182103
-1.1979609448179853
-1.7792785047705235
-1.1608686817701177
-1.875939848839081
-1.4840133543847631
-0.38436254181135315
0.10659693578521794
-0.08949710533934531
-0.3987481276420117
0.12186382600816573
-0.8277292168531698
-0.42192869314753556
-0.24629289721792752
-0.5910560169896985
-1.054831132101096
-1.3787402871335976
-2.312005138210099
-2.332631674245719
-2.4306343171316485
-2.494510249051262
-2.076692085116419
-1.156453089487012
-1.030700261740575
-0.6602510159231761
-1.0934156391719343
-0.7695652383092436
-0.24875872238840951
-0.04577135339806586
-1.1800102913489952
-1.3349001951285426
-1.73751560982159
-2.035298838927708
-0.9737097866048492
-1.4254553138147283
-1.9313607838681084
-1.5798404288521606
-1.9978477016152891
-2.2398024676853305
-2.0655338004071457
-1.7163497936498306
-1.4298247717835288
-1.7296205564716178
-2.2645563525972316
-2.0557071500104223
-1.2179965691414298
-0.8445350315495134
-0.6635292240068618
-1.0649341761779012
-1.8101764678940284
-0.5080898085275406
-0.2958208935376356
-0.26091339834424615
-0.07150935792029654
-0.2987586323012651
0.17763462063056057
0.4923214488020563
-0.18958123815329023
0.3311990647302805
0.7185200854390902
0.5733110101021203
0.9179750252454105
1.1062992825580975
1.0690236334565384
0.650377722560917
0.7496888522421025
-0.3607604728925848
0.2225688882181712
-0.5286890401926139
0.32897768473680034
-0.28043959262886364
-0.08308553663922877
0.2146292643996426
0.7217965981269348
0.4934696974301539
-0.012958630269795558
-0.1379298699203973
-0.9294422994845487
-0.40615893823246674
0.3703979770928834
-0.14024157044110427
0.12533708006641026
-0.2131873409100949
0.1805519632648426
0.5594258956755629
0.5630686486562736
0.5093029279281283
0.5851755555974524
0.526208213166035
0.6032021935275066
0.17827884019227191
0.5831311243606588
0.6127367210702166
0.5003494112755996
-0.7608494789926058
-1.3483244428894816
-1.78353556405673
-0.707115787547208
-0.9600596807028264
-0.49673614004503064
0.22464760298060757
0.2994978418663811
0.24810993669286846
0.41492401724853256
0.21071585666752646
0.9521412048341347
0.8078559040862402
0.3907539158020557
0.9601817162042346
0.5291439673310218
0.5385869176307734
0.6331081901636926
1.0259776819939943
0.6972006588950889
0.35505118353162624
0.575203487523606
-0.6635011040548014
0.0839241639867547
0.41752278661057185
0.54336012423788
0.3354869821784444
0.27554508328982014
0.10368911490511812
0.21214108170123672
0.2304232509861646
0.36262536184679883
0.21757149237765128
0.7415539716019397
0.8791648585677825
-0.3054460639255693
0.3994787180382922
-1.2893933696708788
-0.39088259258584845
0.25320289000127494
0.6328238286798972
0.4816381270221628
0.850909686998467
0.7071113964640523
-0.09405917543670024
0.3506519744764498
0.9521068104409338
1.017185913137319
0.5683798809740582
-0.3506666165246092
-0.9795628995811306
-1.9808793046272228
-2.239209627737729
-0.5446123914995568
0.5189735544792027
0.49754928693472306
-1.0352542040336419
-2.244121873234614
-1.7664160222558947
-0.7745057905161946
-0.6776202283135844
-0.6348478594162924
-0.45915304629330084
-0.6019086073029817
-0.21830855824027467
0.3040531888828703
0.19531415393493617
0.3207162113074302
0.32554816660946145
0.36064979093580546
0.6343328595838552
0.3320284195075823
0.5848350082140034
0.8472225373082732
0.8192548927385813
0.8481005940411498
1.06769506679328
1.1328321847803586
1.034617638758305
-0.08783805358362831
-0.026700982693028445
0.06652945691432596
-1.3574699980268594
-1.8165361827505424
-2.4652810237484153
-2.645026769230405
-0.9801536656830986
0.059930870853898664
0.550917848778985
0.6053680017343048
0.7397795563672214
0.7980344266729497
0.7278092620768158
0.6847601262529815
0.6229049554746127
0.774371601193722
0.6639120360597108
0.18929491857410521
-0.16526219935683115
-1.2130449378989336
-1.747946892518566
-2.0300253613770556
-1.866220929649911
-1.2543564079839062
-1.083850243149124
-0.9199598304626014
-1.8159212779134262
-1.063937948342737
-0.21275913956703102
0.1953975690205276
0.6811720876292832
0.46209410782418203
0.16068890607837358
0.21930444161920729
-0.12296573486648564
-0.256717925441432
0.07849737892660709
0.385110400609639
0.3746722363306663
0.48960484002179844
0.08113817867195762
-0.7590113589750193
0.49014000208998826
0.7198604812778707
1.0557926269946487
1.1414252272031553
1.292652136934625
1.3098346627538227
1.3214848375153951
1.2395021805779969
1.423453419516697
1.3855840155214114
1.4245350253000564
1.3199659345443229
1.598069332698414
1.4024437050685743
1.4677268572012543
1.511486244247444
1.71443962266251
1.464849229838366
1.662218613035283
1.6613589073403212
1.7186653836874777
1.2138449399876212
1.680232593059708
1.4699803657679933
1.3192567843801264
1.3129717780279557
1.3280241419856125
1.4651942346768663
1.4946100689404396
1.644635928788587
1.4551053409068209
1.7937785468289735
1.3660080018065663
0.9732709468189905
-0.1321772150024138
-1.975614582753106
-2.3568867814890178
-2.118545850495608
-2.4891115579818157
0.12331697042004586
0.6264249211477265
0.6039937949750723
0.3220186002582319
0.5796816257384856
0.704588737879363
0.6402227784081929
0.7495751412714979
0.13182530147254132
0.17892819391285486
-0.05467888157760205
0.12380766295841993
0.42163247993805714
-0.379385958620457
-0.5395916235262047
-0.05259464694280829
0.6630801463018346
0.8796914572467361
0.28323436587818973
0.4712106655371944
0.4467620470595573
0.8374704827576904
0.9175123690105532
1.1800680867514959
1.2708296418177905
0.5696506966282803
1.0755180031900131
1.4234723708653654
1.3472064867266387
1.1141899141756808
0.8025935984195184
0.8317375779125821
1.0612610051208116
0.9636768459143027
0.9889222353594714
1.1119428665278477
1.067783656853808
1.1679258174322933
1.2781731434817878
1.2348567521846385
0.5463708863354709
0.8202797201506503
1.0927882741218924
-1.6137421366626317
-1.4268148288943208
-1.206636852874406
-0.3125742340823588
-0.9493459740834079
0.17935712940786555
0.35597896636695564
0.18649622622519346
0.8489774014094371
0.8289767436838421
1.0831607918142794
1.3770658879565656
1.4134663356450814
1.0375917361237403
0.5566466793090009
0.5045994707759762
-0.903249004605283
-1.77144039064487
-2.391042774338392
-2.144731943534928
-0.012272924010718306
-2.0638578811538175
-2.022874875043939
-0.7733457956316473
-0.6790375347479823
-1.7490307689209275
-2.6877146433103922
-1.9481385690148991
-1.228645857352404
-0.7946202876948508
-0.09057966901580625
0.08801572224468882
-0.259143703625954
-0.8257856796110186
-0.8831889187358559
-0.04531386622181905
0.47189643406886467
0.7334177365480284
0.9056450210027028
0.8649360411817038
0.9317360227576772
0.8972534827680378
0.9953768435967919
0.2617753615758656
0.45356718513442723
-0.28420158650780936
0.3267722195643522
0.45156978199091585
0.2739049295868218
0.5156815190119847
0.8219021167884953
0.853537285719278
0.3437304084438363
0.9867254872793965
0.7729773748744816
0.7493520846046929
0.13188293827603043
0.26175904790103094
0.1244722945146316
0.17644749367040463
0.12416905980322623
-1.2678772789452242
-0.9794709976392711
-1.9073813810330107
-2.239400651240723
-1.142342899650116
-0.8453008994935348
-0.7758861191342031
-2.264445653575622
-0.680108176532457
-1.3224519127590901
-2.1303198708551663
-0.3870391880863821
-0.06812247016585181
-0.3522285805529806
-0.2883874520054994
-1.0038627792874188
-0.8773552841782092
0.1357458339501226
-0.9974671199006775
-1.3672481238493412
-2.0468498017160317
-1.451210973834604
-1.686456848110669
-0.5780071754832051
-2.453966668469452
-0.9003035012869913
-1.8739388740131948
-1.5998513403513137
0.004098682321735968
0.9567290573878624
1.1390792717999823
1.2541017087111268
1.0506534879772065
0.793641534410467
-0.3970512671277923
-1.1600568846497736
-0.6080774461590069
0.2752348514115193
0.729353925495493
0.6465715680017053
-1.3755898787859473
-0.3609082184209745
0.4579715072254257
0.5977294334902755
1.023041499848962
0.9535822901183851
1.0006473560177085
1.139560617543815
0.9072611148642116
1.091780213229861
0.8654331956409717
0.8045957365268024
0.8303485626981101
0.807487529825024
-0.656613440582708
-0.30781637757486696
0.3922951726860027
0.9263430541329136
0.2839362087526807
-0.6763635097865931
-2.606274833381693
-0.939086144241809
-0.09340627393020937
-0.7442665052412065
0.6985005653073039
0.8004982482446134
0.4788943987432229
-0.05763886718112891
-0.12751629383360744
-0.1993629565711099
-0.7176720283387105
0.1533345817148886
0.6836137386957232
0.7375761430443374
0.4720068407867889
0.6087096924326058
0.6904817072763054
0.8156784145637949
0.34265569392805295
-0.8466322819269794
-0.40854195784353997
-1.4177766920038406
-2.1615585163220556
-2.2467195847567663
-0.6429803630549024
-2.082362428333718
-0.31015330715599987
0.49926212868149034
0.9142986720777742
0.7617732040433893
0.42000752867003327
0.5983748175602391
-0.2943208308461872
0.5353722505696018
0.6805930787614013
0.3178909299441909
-1.2798044457689428
-0.38722517942070495
0.1705080364604452
-0.21714918642743633
-2.454186623000529
-0.5826841770777887
-1.578247328735983
-0.3019098547290815
0.49979394667047516
1.1618633699836374
0.9908902686014783
0.7139307068667923
-1.4706104570122502
-0.4438344773363888
0.5315521752570639
0.05385885586132851
-2.01986844107432
-0.19828074078991473
-0.3922085898702304
-1.1521672547228365
0.30262331902717304
0.25696915455209374
-2.0187209191096223
-1.7366519960901545
-2.5762122583279057
-2.2312986967494974
-0.8623064118505939
-1.047073461672425
-0.5838642197218926
-0.4774274477174825
-0.6165679537651921
-0.518124972474831
-0.446081680957647
-0.17142134658664857
-0.6872768661121978
0.21262615390545464
0.10081223695160782
0.4639780989644499
0.46827557423543337
0.1445598687008034
-0.509305659008317
0.0032410839621879154
-0.5427689206862468
-1.5126715095071466
-0.30548320460990347
-0.6679578614310665
-0.682280780897064
-0.11790592909662849
-0.9766199662455348
-0.5230701548381566
0.07598133816592888
0.7142498279461827
0.8458275853534516
0.8367490331041709
0.7143971532659926
0.8136387946207119
0.11968669098152604
-0.14185384606349707
-0.0907372065746808
-0.4677161006270086
-0.3529272727522317
0.10846042564777372
0.17996957429111665
0.07605034948114385
-0.42123477928426906
-0.30956106861317917
-1.877518316144869
-2.647108120110622
-2.5979521958680434
-2.5971660816298274
-2.5538212146889827
