0.47407754015642606
0.3019059323895789
-0.005099796146487923
0.19446857324821662
0.35282880560475205
0.24175732357621682
-0.031045716460088135
0.13439545215566026
-0.023572703769346077
0.25996576109612246
-0.6129512727173976
-0.47514241311207206
-0.4433755926848977
0.06141672767445202
-0.12115293039713386
0.17828260499079718
0.2626940178379064
0.429102867472225
0.3847137706992098
0.5105342350254343
0.44332684162761776
0.5179672201080872
0.8161296460131597
0.7187235036818306
0.8610488619996719
0.774955027217514
0.8688186920740565
0.45319819072159334
0.5168520707026771
0.3579853666140219
0.23439288657363533
0.5781811926731621
0.3937855407226872
0.578036948425609
0.498300604258083
0.22314969320923148
0.4203258058784801
0.45903190534744537
0.41052318173772206
0.6144925345216011
0.6432603221219537
0.8609742093145856
0.8138123796436336
0.3681851340188167
0.41158621434617004
0.13996104639149154
0.3740474539172098
0.5942235293713525
0.4734130666458775
0.42759228166330054
0.1399268964372264
0.056936611703319456
-0.10754572756988358
0.29481489613772494
0.00451321804033022
0.3171991661529759
0.27792904833035176
0.2578203108065334
0.7652916847154217
0.6419507371972344
0.7225983143293669
0.1544679790779956
-0.06365772641864899
0.18481330915798996
0.36588882336835665
-0.00500296511674498
-0.09045327807075856
-0.2749337220258607
-0.4793677298207162
-0.40777129596759903
-0.1709794973223462
-0.3911909273040994
-0.1679754246668562
-0.030215550370747316
0.4389140632700497
-0.19238321349725435
0.2741563547193483
0.35160380203259356
0.6322921895816571
0.5891514735658955
0.612596740744569
0.7895918967976098
0.6741680890809966
0.4679389878331271
0.7617562786198011
1.020864872205402
0.9774165498804254
0.9467370070983503
1.0804322478874349
1.0884068354728644
1.1495893966048396
0.9899095190007597
0.7880177919457915
1.0045869207602671
0.41153113724063484
0.44356974853948883
0.5313919827352784
0.6715634468690168
0.7235244229235657
0.5900651309698168
0.7738382221269364
0.6770540580574128
0.7759481860656836
0.5711812603496049
0.671152833064469
1.062501387281809
1.3113529772507835
1.3522257634032937
1.181061643625361
0.8890747413234318
0.992674900734551
0.8578964480900438
1.2372777262396555
0.07017878684709157
-0.2710230910997135
-0.21230131652465564
-0.20760796952927074
-0.1788216339043943
-0.05428293847321996
0.2945193513830067
0.1896038083039598
-0.11404720523382118
-0.29273123727783457
0.28350021002062553
0.15052094533218816
0.1704948777733981
0.38738578991491185
0.5588427925045454
0.7665134416139301
0.5174396188347576
0.9400457255324199
1.3182155825813229
1.1692454466376896
1.0944514513105184
1.1823344707969163
1.2424985620463234
0.890982099347634
0.7585001618554051
1.1783493046491942
0.7192957512001693
0.9664352287429926
-1.2620090601181109
-1.309374258057195
0.4781421074093678
0.8107071863142583
-1.3577301320376582
0.615557084084051
0.3282087218556238
0.9063827918693823
-2.652760157893826
-2.7166024367409753
-1.745962392164505
-0.8287037389052719
-2.0796608693736984
-1.7646311105736916
-2.6038840188132353
-2.217112921767904
-1.72723965080518
-1.1932310041610767
-2.2914030332854978
-2.9286278380734707
-1.4096315602923297
-0.7835704649311702
-0.23123342845196887
-0.10808215730377176
0.35978008151990865
0.6010501071749215
0.4620117683818622
0.6491836512596425
0.7931371560119418
1.1599428288292069
0.7987737598070993
0.4097920116768515
1.0591578267718462
1.148375962565712
1.0451422887844413
0.9695648768608442
1.1955317921341364
0.5442225189988094
0.9710865033555438
0.804215854209738
1.0514193950524167
1.0517344283353336
0.08046703211120768
0.7506216753769019
0.9703488829645148
0.9832672629489223
0.29809844408768565
0.7149052453139312
0.4619381024454845
0.7261667242080244
0.9961344955631747
0.7677592264895426
0.5777723187457533
0.6648764046252642
0.28669130808965165
0.09882454639002163
0.3142791821468974
-0.6690364029389659
0.21257820955078097
-0.29359298258238037
0.2200400847014379
0.30188654979417295
-0.5070155423603975
-0.7469252483577483
-0.06058954254449309
-0.24716609900654116
-0.16652677113895897
-0.5242326578810477
-0.8848666400101566
-2.540497035234739
-1.0623510985906042
-0.40495759726792935
0.101144680345103
-0.13182706352882406
0.27766985509488806
0.3029343122191043
0.49071342902016535
0.5820639196192423
0.4014567242054656
0.5406085074529932
0.8296017740079844
-0.05798895956079563
-2.4953965570809937
-0.5618244387404294
0.5793746331734955
0.38935089468673156
0.7818201847628579
0.6612505579906905
0.13591915677759198
0.021243987854397444
-1.115015888421828
-2.1930468296823853
-1.6610687070887922
-0.8348688106947437
-0.7024455001614719
-0.785816636135524
0.11308288081940317
0.011834359746877205
0.058303445966921684
0.2484631985191819
0.44803843786032505
-0.5207677085604194
-2.0622745795020188
-2.1677029829252374
-1.1417594990832152
-0.8544151332211269
-0.4181573125896728
-0.5762366319838136
-0.006490045336164462
0.29098780468839347
0.6827754675438161
0.12186813094305925
0.1986548770499131
-0.7813821411697532
-0.05999375934083378
0.24329562699917065
0.5985185420655619
-0.4748307063561198
0.3599058507965334
0.27647997451877865
0.33379583738667257
0.7168419940818702
0.3346068840510098
-0.23865988532597665
0.895634538694918
1.0801314978673657
0.4785749929885785
0.48177077493923826
-0.3060544114358663
0.33546890138213353
-0.27619902906565025
0.1153882711636313
-0.10731791831173147
-0.06776234707559396
-0.7937426980837373
-0.15295490368991135
-0.5151832514963026
-0.7378982572527809
-0.7965039079074656
-0.3959585390517965
-0.8283478433401269
-0.7041505541067651
-0.7698132072525672
-0.6513450334573062
-0.836736325373369
-0.5137862735749623
0.11707427831824625
0.35775072520847756
-1.0763174540339548
-0.44233104134512674
-0.6514244251817976
-0.22642032230221507
0.4945746510817176
0.35226463269377484
0.26183060989568147
0.15975991773036646
0.6568333351627539
0.6630628040183247
0.8122298285957015
0.3318496515445656
0.7059030616869328
0.0636833526415389
-1.1499793795629605
-1.5935844205867804
-2.236382282899092
-1.086838178007079
-2.6663491229342484
-0.47648471809800447
-2.769981137065711
-1.4263698605938158
-0.41560745768513535
-0.715550964622483
-0.16974592200114205
0.20118284948370854
0.102782721811294
0.5979658248745374
0.6272497021816631
0.43189996669642755
0.25374564717560155
0.16290462148108825
0.5362194712880164
0.6000041219936967
0.8587733002675085
0.9168865281886373
0.4113622473402167
-2.448781306588764
-0.4103346027445932
0.3251679695782138
-2.400791717669543
-0.22254978673545028
0.16068225673387576
0.17435330341178615
0.28034536924327613
-0.31578611875458346
-0.32022575881152493
0.08426779083333978
0.30811802690136664
0.5331741786993964
0.3716137522363891
0.4122287625728828
0.15534270894284077
0.5773091237709564
0.813088297195482
0.4915618568458362
0.7297701770117596
0.826870100192935
0.41218747893810287
0.4030136147511137
0.3167879111839227
0.29938930283499454
-0.028034362488692576
0.3144152043551385
0.681567630477961
-0.8885394068640581
-0.6189381382907385
0.2044312799118384
-0.6117885341952274
-0.2179254962187059
1.132699694120499
1.3442195119230926
-0.3659140819188376
0.2769956566739488
0.7848829943559219
0.32747322543378754
0.9171037001055902
0.7575916057493519
0.552402716467417
0.06846648505321117
0.7762377011887298
1.690421980871251
0.40019598405321727
0.5308490416723077
0.8073860454099016
0.7778448984640907
1.0885905277181
0.7325518178679414
1.1565257408912941
0.8850350326512483
0.22472713804578778
-0.12789265171675662
0.4961955639962035
0.682179687461138
0.8464527830293317
0.8035608763877359
0.44147942261396117
0.7523182063537586
0.9736138056947415
0.736534954675037
0.8427837101136726
0.7204557335517847
0.4298419180327792
0.66928440544521
0.5697994884208976
0.6658228753205545
-0.40101654143795856
0.24447496954780654
0.6468392507132795
0.6965130427970803
0.5405917477764973
0.15647027745406838
-0.9105301756030109
-0.10729544248825366
0.37335113121107966
0.5277070992978942
-0.18990766261724887
0.09411474243952826
-0.05248482382707375
-0.13377698666059348
-1.7506204466409474
-1.3164151999490195
-0.5983954501182926
0.128170299541915
0.2870780578588824
0.0512473777701972
-0.5607781524509543
-0.4539156872146199
-0.20703609350488367
-0.22145464334487147
-1.8467964119243476
-0.5344793432121232
0.23157712044911644
0.12824861706035334
-1.1935781279167663
-1.029371720758143
-1.314517785252349
-0.8316554780247852
-0.7556976331334934
-1.0753265422843747
-1.299924029181121
-1.98651570775246
-2.4305262624910218
-1.6099855501205416
-0.7807560709127435
-0.3659061160127105
-0.12747442345587623
-0.5776994625527874
-0.3829717096609418
-1.2007479619113135
-0.7475516185694783
-0.10035816626752446
-0.8874157112252943
-0.7694338805428735
-0.12524470516411382
0.1689485139643066
0.5505097666799951
0.17562471933454357
-0.6167774205978024
0.03618507021013418
0.5329359196318535
0.8505512192791818
0.9209166765943952
0.8475580271493182
0.824606844234448
0.625227838157685
0.7504907122900577
0.499158180648125
0.6995482727813533
0.5513528637554951
0.2464763981205595
-1.1922789254999506
-1.9477643092152486
-1.429480888235161
-1.5531758523907617
-1.5670847937356707
-0.755717045433041
0.0057841734880017615
-0.8535786452731432
-0.5479826278536066
-0.5628901334983152
-0.6203630882900245
-2.20300544383275
-1.2179600748510542
-0.29061107606508446
0.11623005283941207
-0.20449387643202335
-1.4191013600429172
-1.166571286272269
-1.2323323614071189
-2.110283430861273
-2.186329325802491
-1.5233017959545236
-2.4878081154486624
-2.5301222144381423
-1.1884582050638954
0.1312070599812987
0.2909264699255607
0.021716588829709255
-0.2888802156757375
0.3497140626320738
-0.3695174434582201
-0.09379067920602147
0.5619155005872566
0.5699596943514784
0.463292625006357
0.7228482597667325
0.4038663345101823
0.6481537617026755
0.4421489730141378
0.5332957303586043
0.647316054555629
0.038654880890087444
-2.070284910478764
-0.9000391025117523
-0.6721179539885604
0.0395007829946817
-0.0332787318034007
-1.057942377436616
-0.5968526278549634
0.28540434023329153
-0.3252562341599255
0.4462670775538032
0.8947603637215992
-0.30078632038743336
0.7504849989078216
0.8486321288609536
1.0665753123826796
1.230937550456162
1.1531011190573428
1.1253445862232185
0.7524252820934492
0.9128632028749849
0.5544913443016877
-0.28627577347774574
-1.5649541295926646
-0.8189316363154416
0.17626654139104053
0.7037757658910592
-1.8004971154335974
-0.6381735198253283
-0.42479618017711973
0.15238861282822797
0.5672017444056104
0.28516946737554355
-1.6235053422620047
-2.5209624226216407
-0.4516033775453123
-1.6568695851383024
-0.9933311327758224
-1.94624984397986
-2.8057652163233855
-0.9066769061818718
-0.3974056183076592
-1.0407979544762584
-0.2097195049891557
0.48454279125162963
0.35604512463982424
-0.046727652490045714
0.33342381926493136
0.6544687050630257
-1.3747972618057862
-0.5164104608441601
-0.03787932040927449
-0.24563520432868668
-0.41124674162187674
-2.160147081264621
-2.5833348436197836
-1.7723414742470984
-0.9958828748668169
-0.7171331267989545
-0.24806222051181084
-0.13146362636368145
-2.138154455390981
-1.2915713423283115
-0.28124508935075676
0.1592800454895286
0.23508302339439213
0.44839418520067165
-0.12537094332316284
-0.8337620092433524
-0.6408872638314419
0.2941581994135863
0.6326729723938389
0.4394008346539291
0.47987905624484306
-0.16193163420276113
0.06852037970573721
0.31835178846073214
0.12542955666582684
0.011455855736915798
-0.3045097069924277
-1.5696440162222975
-2.104689585179662
-2.658919514999156
-2.592112181918009
-1.2343558552954892
-0.8438042008450456
-1.8900530361527874
-2.43334016348761
-1.259817345265255
-1.942042916148481
-2.2469127821913424
-2.13579104637705
-2.240048917273863
-2.061692036242008
-0.07012615079998914
-0.668888141437753
-0.5460911488440282
-0.36515907361875455
-0.7912166354075109
0.3017594808010834
-0.18635370353998362
0.3956572066718463
1.0999094025369254
0.8824048530009733
0.39222120631761326
-0.22509743851288572
-1.03410984615796
-0.3142621820393596
0.14630953622248877
0.32843932452579017
0.14313568567985183
-0.09714716860052143
-1.1836824120116307
-2.1455242381403004
-0.7689986253954391
-0.8692331304091353
-0.9999915325939226
-0.8595126399469032
-1.3921394033610126
-2.4942762027533494
-2.678375367787319
-1.3781254625407295
-1.0063341093797213
-0.7749785981835602
-1.7315686423566408
-1.3379952540426003
-2.309244708692798
-2.0057651337772158
-2.1793423438710717
-1.1766785322635795
-1.321852246104874
-1.847412327430309
-1.6452416702838235
-1.8057354573245408
-0.8660064055741225
0.12872413699521912
0.3841481253300591
0.4341300189156495
0.2469719546058326
0.28763351985871344
0.1962382574145688
0.17771639830381214
0.3124271234242337
-0.6807409343883055
-2.860242424759527
-1.686367009122995
-0.4323352601021349
-0.8981003411232161
-0.7759117117791178
-0.6630941194695809
-0.18585601839323873
-0.6582278137986172
-1.1954431302208557
-1.5301038488756808
-1.9517279383332038
-2.781970807440179
-2.6545754962484587
-1.8364832540243687
-0.8243920842051953
-0.4478366142258157
0.19011871856364948
-0.09631733650447782
0.0729415606288701
0.23746793492508547
-0.6770268179954326
0.06111146458559985
-0.12274289110566824
0.5851813206163722
0.06719401640474205
0.6932423813320194
-0.03844963630118184
0.5900432502907994
0.6922908940637428
-0.11513461636784378
0.2970984739502322
0.4572540879223558
0.5857918486435776
-0.40241397182332805
-0.011978681810956153
0.3055999943741614
0.47358642910371956
0.4933590172285149
0.46368323423507724
0.25702577173572366
-0.28975881175181667
-0.1839480433140337
-0.393266263574089
-0.23029501146267697
-0.14109387891822567
0.4548580611598305
0.5847522400974955
-0.12504590920091552
-0.47700166201088917
-2.170247466204731
0.30013934094397576
-0.19095932155366147
0.4291468964557977
0.2316209343588256
0.13361396375160492
-0.615696251138911
-0.9759592626891366
-0.9467083044343673
-0.16372734267758943
-0.5452625331652782
-0.022704440427536634
0.26956574181908804
0.4889007089269913
0.4503203400391009
0.37544797241333905
0.3855028223180669
0.1743335370137515
0.29448701528142157
0.05443240415143064
0.4316189230041388
0.3377854199246392
0.3874977778482109
0.24784016984270402
-0.37994564866989394
0.22044845223760667
0.4331907397297449
0.23694665949171448
0.1573631936629312
0.00533148326214049
0.43138987814931123
-0.04457702430147928
0.1370877918569357
0.30467536677008106
0.2279839020723272
-0.9213119086272935
-0.43795831489083786
-0.5200193123782173
-0.20438940716975476
-0.06319201406968589
-0.08813789708729519
-0.04374324823847023
0.10258158776149003
0.011672672861076563
-0.4274905552459396
-0.6711860771021106
-0.39858538590808984
-1.3401281310765492
-0.18702202091858755
0.5022019601667012
0.4977624916387846
-0.15847508850545403
-0.6195953983639139
-1.2664990639536315
-0.5194120884338052
-0.053469815835891873
0.15808428057716023
-0.18342815673073642
0.13032616144900253
-0.5203846644191518
-2.623031100270711
-1.6231638025931794
-0.621552160273338
0.2028997002660978
0.112242122920025
0.6034871145459788
0.19302318859764447
-0.15327021027050752
-0.17133045809445305
0.19106316623635414
0.27030798623385444
0.21900205873866807
-0.5747777842297576
-1.1208872457710615
-0.31011694330755624
-0.41861370201699927
0.11845675948127105
0.17402399574293512
-0.2574825593981618
-0.21477373295140215
-0.2256273087462523
-2.1882586047178543
-2.46632191065199
-1.6224674024919952
-0.1266206131082682
0.11533831715294748
-0.37785991118229323
0.38269722471913764
0.47342430223449083
0.5293274114005153
0.17374807782735954
-0.41259119479114287
-0.3221354026823806
-0.14592222696899615
-0.4830875676085801
-2.5289383118901987
-1.157542585916016
-1.2122373076009463
-0.6859623066561003
-1.4692859856803382
-2.477084706034352
-2.2223448450028225
-2.5239301460545995
-2.5465154328305624
-1.3963417072281326
-0.14489132726632228
0.13470421961298668
0.22159947610090258
0.3943595876033614
0.34891002580674413
0.29594922732337536
-0.6276687531660747
-0.5887764463633951
-0.17683679716667838
-0.005998530761172897
-0.23955867321470484
-1.5774097432499108
-0.765932632320792
-0.0900648467398902
0.2525821415310163
0.5985148310059805
0.4587628508710933
0.3844267827344997
0.5438778238532946
0.6997237870512293
0.9311054022849664
0.7401010198289896
0.350504758221935
0.6559929517147441
0.7987037503864051
0.8563421681005244
0.1666530226985453
0.3420885081495488
0.5134085246684144
0.5150886184458742
0.4195880657409481
0.27711699826278763
0.18199756097767866
0.4638801752106368
0.3615122405705381
0.14877383815676248
0.5646886923465032
-0.15989121100219733
0.23529916498310477
0.2595238554750752
-0.05774792379241058
0.3424449193662533
0.5702112849030432
0.449827756896646
0.2010306168288997
-0.43172942602586184
-0.022833320661353965
-0.4476397606914101
-2.171160218971316
-2.389473049021985
-1.043515287597166
-1.243176685421891
-2.635673667582306
-2.779418985146507
-1.0578893106657432
-0.41546820737376233
-0.49060297869192826
0.11013578445270587
0.4290644927021151
0.3052833710404583
0.27265020266227
-0.6648498865831439
-0.8471631649349614
-0.10258404497473528
-0.005892312368262947
-0.16269192290809345
-0.15247107355417042
-0.4422657572050825
0.12781899298630753
0.13021516666767524
-0.6025187596210079
-1.2914328858281794
-0.7446816212155557
0.4550141361278697
0.1192357095617699
0.26925263492759904
0.5078240289689279
0.8056595347916186
0.19565046980977807
-1.149998184098051
-0.31357234516681326
0.11878329050466907
-1.401800973190556
-0.29294586542211015
0.21793719797218514
-0.05523022743963275
0.2648346420759547
0.03416509141663266
0.15706819107766734
0.2678129827922028
0.2554690269951207
0.1574215815569031
0.13637756061585926
0.45451728632081345
0.024387818865146103
0.0452026350279948
-0.15094177205280174
0.02684008138152074
0.19605260807314615
-1.3202862053640108
-2.618346000007024
-2.5028002671083387
-1.0688967473185793
-1.3288503859544694
-0.2942303726433549
-0.3410731056807587
0.22356717352095926
0.09098401035375656
0.149925574417045
0.056463787823276226
0.11256340348991392
0.06511993686374572
0.17962605285686928
-1.0078782961731862
-0.33681355494316934
-0.3171587850408439
-1.2111209695825085
-2.085081929274115
-0.7602990265038879
-0.14096570687359017
-0.7196824180493806
-0.5127738883767212
-1.836646974801756
-2.272963191493171
-1.2882258251757936
-0.25841866831846155
-0.3216303917243083
0.05281213773746269
-0.35759347643202277
-0.4234548301971943
-0.16104439099125756
0.04257200626096471
0.1058524197278878
0.20083576642232542
-1.226442560667801
-0.34723664668990023
0.28516125181956375
0.014431057420284783
0.25394305139132345
-0.12338835913868797
-0.4994127538227904
-0.6049617166496445
-0.6764340936233403
-0.6080916017235709
-0.4170809180204772
-0.2985262107279387
-0.6212352475343792
-0.3681256901832257
-0.1799724580659115
0.37346544151230554
0.729440848812899
0.7891092028761307
0.7336937152332114
0.6577875609338427
0.8248281570279338
0.4973433066252912
0.145893540666637
0.03936641159595842
-0.009356082455141457
-0.766642588349643
0.1182964534212889
0.04525904304966293
0.1510984674595324
0.5458337962915951
0.49681849953578866
-1.2902999988914947
-1.5208192664557294
0.0552104526639859
-0.9314452369390703
-1.1238742427377435
-0.4871000047087684
-1.1224110205749143
-0.8713830488979827
-0.18978937160038284
0.044107932521844445
-0.27734858299636733
-0.6265041444182982
-0.8038956297887551
-0.6370063097014408
-2.112312525603311
-2.616433019908222
-1.3880766010264698
-0.5215306159827294
0.30611770891112805
0.011341543718428241
0.268662182264996
0.2948241887604516
0.4899029688386355
0.35520990766927685
-0.11677844634594946
-1.2228392754387127
-0.06273094295089741
0.36597350789196337
0.2846148409714827
0.03900066072834324
-0.6880779224665547
-0.21011318384375782
-0.23467382202666837
0.19283130388578154
0.3044601089033156
0.16302809380921804
0.48874588322003304
0.3288778939041227
0.20754157972365586
-0.07934033455503273
-0.22421718254816753
-0.2625235534641377
-0.2626202707906286
-0.025009528050428036
0.2636100802210981
0.6514834420408449
0.15755676176369857
0.5872344434719154
0.987849973430356
1.3305889207004387
0.9246648767267655
1.1506931535982885
1.3008616480569608
-0.3271450957511223
0.6295211839568553
0.6194181752094725
0.6530682425366537
0.49369262392265306
0.20068854699455294
0.6209832679096163
0.2939040684675319
-0.04066171810731654
-0.3573610994125569
0.28351700179571054
-2.5167584473580082
-1.5875122847963832
-0.18298542511013405
-0.08827925098343412
0.29617151503311645
0.4743311173246532
0.6814926269791369
-0.7552653475584018
-2.3497172069128136
-0.41253910165317564
-1.5578551304427246
-1.5766448999477074
-0.3578487403009443
0.39890292369982566
0.6620361442898609
0.4596284659766092
0.18106789697727863
-0.4204322083121979
-0.0385314008254252
0.5152492588695031
0.3177928967494395
0.2665886309948585
0.584808654116798
0.781929923762162
0.4914293524965884
-0.0961857265633581
0.3997682302768628
-0.9263628897966013
0.17961349453085662
0.4500512917441693
0.014327141479144337
-0.4618085730825461
0.36138109979504157
0.5053446872769046
0.3764020343599206
-0.7025012754112653
-1.1205210723838366
0.7341864219263309
1.0066975550295247
-0.20669269658816225
-0.19290663204449396
0.2921892817079706
0.7034637789633265
0.7594511169044618
0.7029202939887633
-0.4669210549127585
-0.14572734396969578
-0.13095162531185295
-0.03885930420767414
-1.3995942827648937
-0.2916905451831713
-0.29979629264584534
0.33122654138261104
0.23879484151906746
-0.3160066635674618
-0.7476437915470546
-0.09006153782949325
0.6192372497667776
0.5931892244462327
0.5030526025940829
0.9367041590523476
1.1613891368206233
-0.4091807233133644
0.5329017135324092
-0.3883943586964214
0.4288173982396122
-0.30826533717605065
0.8538555603513466
0.6532506731227272
-0.3497726640507126
0.4459431351042029
0.41825377318051626
0.10076052324154737
0.44756093817969517
-0.27257772625659393
0.8555450019690938
1.2128712438098601
0.06268233918239315
-0.5119214708864213
-0.8382274346131127
-0.8220398052127708
-0.36507992107993686
-0.5889495520747857
0.30809980931699976
0.05005949429486977
0.3088348855591581
0.1318545938589423
0.1115470122574851
-0.36152499338851984
0.42691305253307654
0.3060000946962361
-0.12517014999366247
0.5751259854297219
-0.04108260345004973
0.6645981667853645
0.05904409687861117
0.8890599269667082
-0.23573493308063484
-0.3929912515479656
0.1338486770095883
0.044209262490193156
0.1530143949521697
-0.24701819881606912
-0.23920248240449354
-0.12024974968293316
0.339999692810421
0.5055347334800441
0.9049308049131919
0.8613008698148281
0.4764178385191027
0.8201267589259268
0.9170533884856672
1.179554936233129
0.7238055468649238
0.8450149001312908
-0.5766129604212612
0.21152078900901314
-0.4718667627794831
-0.04785436889467258
0.2818086674942861
0.532335923300498
-0.16748077415813148
-0.6266347826574017
-1.2104659648388016
-0.334611987871445
0.20302959520994718
0.005158244665927423
0.223108961159562
0.46785427841536364
-0.09611387970729872
-0.24957393240897946
0.011372223262936172
0.379184362879403
0.08610477557729333
0.48451492317937483
0.30378798186686606
1.1156898427258841
1.0627249012027244
1.0550690654237347
1.0395788456924193
-0.2765126734366157
-0.4992312576014333
-0.3939661182624548
-0.03831301814130606
-0.22324027872751223
0.277716742250393
0.6012113584893577
1.1380996177396425
1.2891719125946186
1.332765385423288
1.1199771992026972
0.6549501542715029
0.9051106166259528
1.0081839046308563
0.8414567052271495
0.5977371160876683
0.5995336207581071
0.3752423060192767
0.467248376702204
0.6048335150893068
-0.42324560386585885
-0.13027395228885214
0.3206229493979748
-0.48691496897902026
-0.4025279703567692
-0.5302044684414539
-0.22254811188629392
-0.68968835235745
-0.16663088860012268
-0.0753665559456821
0.3298990163588246
0.19396131963559182
-0.15597251015496724
-0.09881143119039469
0.15705883317997832
-0.3003552910367231
-1.1735791624642244
-1.5691387108942443
-0.8279125517976367
-0.8904439950427508
-0.2880473801716274
-0.2801452143482119
-0.4836540189903211
-0.43514837373352355
-0.6253967554170069
-0.36979736239846955
-0.02456258654749783
0.1768387571817968
0.3934590640074071
0.0936322302925024
0.11073095907777257
-0.011441822683011077
0.03637099487029595
-0.22390848216134274
-0.45037959719486975
0.4863586082256275
0.6743038714729983
0.5863521769234858
0.7285657465179998
0.6181536794473489
0.4607449720701325
0.49249474450707803
0.5009638626037852
0.7639291625038368
0.8670765947335505
0.6056993317502036
0.6410943695830369
0.6209704714404654
0.32939904529527764
-0.18114413503341595
-0.16871329044563013
0.07665770736957028
-0.3297794434969125
-0.2809512221208197
-0.08200014050994509
-1.299237224977985
-1.0852380198923415
-2.2124912010297564
-2.2340304359799275
-2.1746822577074947
-2.2344289422964176
-1.9548926734505545
-0.5719988921743628
0.300911058045279
0.2987177535328828
0.37365715346515244
0.3277668295141595
0.4558747836704689
0.7107603041504502
0.7796766620822806
0.5037860776632705
0.2656736860422316
0.4771743579018649
0.140337895108414
0.35138676107152483
-0.1567494840640897
-0.1811867573794197
0.36294311240177457
0.34016034536426626
0.29726082201681786
-0.6089954000716873
-0.17906145212246355
-0.0042932591754042595
0.4666995262198397
0.468369514607416
0.43134398100909926
0.7140753596385442
0.5308374098811222
0.3759732026821853
0.5893693522732989
0.4969470078129624
0.13625744914712215
-0.16267882838913783
0.16425175558813007
-0.7011960810564817
-0.09781389545056905
-0.2121939458974321
-0.057862413442405496
-0.8232232179305562
-0.46890341215095116
-0.2408222080996696
-0.7818135647045453
-0.15709023098791614
-1.4168896715371315
-1.9860497714962733
-1.1844297185388248
-1.952984177564942
-1.3974484696992315
-1.5258982061164985
-2.736561493940671
-2.6310359914746804
-2.6190146792855535
-2.834730810498682
-1.994096061447796
-0.7709607555611036
-0.2306089935248743
-1.5831678310479218
-0.6476139432751501
-2.1542106865456816
-2.207491207814814
-0.770437278632967
-2.4123177220326215
-1.5602001181483096
-0.6503651008254403
0.058233248726060075
-0.6107638561333945
-0.919494078547392
-0.9572957506155794
-1.6025723804759298
-1.3906317991988895
-1.3298702961927207
-0.8623296787464184
-0.9189196918362622
-0.29535762853649444
-0.05123723477425305
-0.26901768273947996
-0.18409486493956173
0.33453846008081284
0.6229180877566952
0.5930243728218745
0.09838018959286303
0.03410081936526215
-0.011284198487418625
-0.181143762006211
-0.001643244766119836
-0.18446203700427646
-1.5396659976790672
-1.727318022213707
-0.7975320045982962
-0.47753562418139966
-0.2387193428256638
-0.3246188626874876
0.2453424884422117
0.2961950717875959
0.3302956732090203
0.5085967440898069
0.2686173051704954
-0.8430113018502753
-1.1516046072762736
0.0019527983218953495
0.029839437617059227
-1.0307879326631082
-0.7997246713654041
-1.1569099285633873
-1.9900048212974797
-1.9814089317150008
-1.2178442349058285
-1.3061301558572047
-1.0928248307854467
-0.838144457845447
-0.44005579111001425
-0.04747615177745408
0.04548302321717973
-0.6645032695060117
-0.7242740044798756
-1.3667697273130583
-0.8308520580667719
-1.332123748646608
0.04835321833310327
0.05877327425823144
-0.8758670299689307
0.14352123704744815
-0.9616854519257079
-0.08764875565284629
0.3602331918006059
-1.1376314848509215
-1.235574578723506
-0.6461398102583445
-0.031042778557128715
-0.7257168058150075
-1.6539484379369214
-1.1618475316178065
-0.6739837418233057
-0.6344331122631014
-1.2479320457661631
-0.5474412764976091
-1.4486388327496382
-1.9020349764886284
-2.5505977032694056
-0.7658123233053556
-0.1779819322387032
0.13159963488637472
0.5923213377497115
-0.09310972760661791
-1.0354547622902521
-2.1924196073824196
-2.496513503532117
-2.9294994969940436
-1.4163223738672555
-1.6407052819781143
-1.3018560942266253
-1.5548334392601797
-1.0746726704383476
-1.7046154616517333
-1.2512985726029018
-1.6126216136921405
-1.4304056431890035
0.004402641019257049
0.07495726101543493
-0.048347136176241846
-0.3356663088358136
0.09600912664393853
-0.8815125462301064
-0.2140522635563104
-0.2297291849659679
-0.6706623457138929
-1.3412078422908313
-1.3283922699778603
-2.392356471868108
-2.3732495340624817
-2.3014238125655524
-2.5794123146038364
-1.8042270285083895
-1.1914099562015785
-0.8619469085227109
-0.5029952488163794
-1.0253392104722983
-0.6965984526313902
-0.07987163726018037
0.031245191550818036
-1.079157079900719
-1.5753809254396265
-1.7735551742107853
-2.3085981704405407
-1.2116995020535173
-1.796495659811378
-2.363512723252627
-1.646595432941051
-2.1415481102812115
-2.3400288956330106
-2.282187859246578
-1.8305205302684358
-1.4837943748323985
-2.0049128150132978
-2.3480251772624587
-2.031782008989896
-1.4523135964438445
-0.8281362223218015
-0.7430007571526754
-1.0854002070356052
-1.5808753281452022
-0.3488634245055508
-0.20134194189599836
-0.04157653669621248
0.21338031508642508
-0.39089788699559586
0.15676491202142412
0.5438185543532126
-0.1826521958890719
0.16619397324168173
0.7866906659193567
0.5689935156728536
0.9654678726523683
1.14144060708858
1.003747634185433
0.5898657825410403
0.7031358396772316
-0.1560803779254619
0.17601572875812857
-0.6326277491844605
0.35395750286073796
-0.37889729559859187
-0.0704470408909059
0.10185173930295795
0.6306148924255183
0.39689809695062145
-0.11035864918884766
-0.22867737858060594
-0.954049070022784
-0.3602907978634581
0.38156628480628635
-0.10270663692580034
0.05562546039889798
-0.27869753030639904
0.18151285915483403
0.6741528199394619
0.5095612958916222
0.5721554040090677
0.6408902058932583
0.5011970905355748
0.5428581870141966
0.14924592885024207
0.5888741787984528
0.5313140449181957
0.47890008765223036
-0.7911469337516422
-1.1078056279781625
-1.7657568457957442
-0.8395557239575066
-0.9768892283943676
-0.4446394145924628
0.2923283745567899
0.26372220086441156
0.2015536989145713
0.3190269030261666
0.1162635311076893
1.0044193210461931
0.9259994288981889
0.47666978494908874
0.9561989016282856
0.4493105659959076
0.44749981670186395
0.545897942132254
1.1442338109847725
0.6985492039177436
0.35261599462988846
0.5375179044770569
-0.5133552676107247
0.008061132272326946
0.3407972299669733
0.40573657676360086
0.3481177521985124
0.2688533032966264
0.000977518589551766
0.22307988701439754
0.12605499597437478
0.20239915030269373
0.11574303913599608
0.7455476086444279
0.9540275628966108
-0.5458763634210433
0.38414244434586803
-0.8643430397446821
-0.30303009594974883
0.4228691941871958
0.785832263842645
0.823233726442785
0.8176582388848208
0.7043889172985901
-0.17163557546002584
0.16005346395849762
1.1006639958733686
1.1184011472841298
0.8058681740535352
-0.3688913572332284
-0.8984779319410926
-1.8359858997410228
-2.31286538840839
-0.6029748362966559
0.7149748245550713
0.7136011219977255
-1.1795051104902887
-2.382470553266831
-1.8470677487918152
-0.45366616219387745
-0.6252203481524077
-0.49885900788512316
-0.377511593303005
-0.6213505871692856
-0.2700186231611216
0.39163572718126755
0.220322809879766
0.5225706900667636
0.2613191664453192
0.23141663818906222
0.5648103032499263
0.40676026680333205
0.4894127337148777
0.8610245697746339
0.9779029599877374
1.0629561858369807
1.0062144941993276
1.2016526590562746
1.1465332129583266
-0.045138155488620685
-0.049627181526818755
0.19835865372266104
-1.265601007266295
-2.0039206696891267
-2.653810596586197
-2.8229476421276045
-0.749928719687844
0.17334560638284208
0.5614703675631546
0.6792867518724451
0.6875997175137203
0.6350416808890716
0.6155180985851821
0.7855593275083501
0.7247278163337956
0.6717499413103679
0.427279243299339
0.24157897357363137
-0.09578812700361083
-1.1866325456026585
-1.8040235423874285
-1.9819374982052995
-1.707006141936821
-0.6470208443233454
-0.9664879769554915
-0.8299966906541179
-1.7038570606048407
-0.8625973969494041
0.05188655982522498
0.3603110360937343
0.6300619613275006
0.4127218466795097
0.06017579535277319
0.17131847285442725
-0.045916898520162945
-0.2617417227464256
-0.08775503574785794
0.4013933895992308
0.49016626687588566
0.5756274209174066
0.2204537830047364
-0.5582149576377876
0.4631702480214538
0.7223840062365271
0.9539465424000977
1.1920985188045814
1.3335464326987978
1.332335469199008
1.3789519401960866
1.237632703570291
1.3759644117312937
1.4978090438555043
1.6876854665210426
1.3006948540903545
1.7878411846132172
1.4550296754104046
1.5739699590865464
1.564952051878536
1.721665174887103
1.392827101704594
1.538973074672715
1.634208978794751
1.8237892324909515
1.2070381635801317
1.7739859494135664
1.4209385715184546
1.274399674113025
1.2278793216159085
1.3597771294120014
1.4582474740743818
1.6360903356297993
1.6697180928471134
1.2466627283565963
1.6797220989718784
1.2728487640036201
0.953388732560211
-0.2893319165325022
-2.276129859056491
-2.5380769207764966
-2.3022605564369973
-2.777595836461235
0.10640450912447248
0.4876056149525867
0.7104702641082314
0.3865001615217403
0.5253022902954857
0.7305249201851723
0.5996794734635933
0.8753956846910297
0.41427407437950303
0.08719116105514017
0.008797540472735685
-0.11273077382790167
0.2327999630733187
-0.28375752308709523
-0.4183919628396501
-0.047841069931354986
0.701614050070918
0.8582286756930201
0.26558069618810237
0.45910615170314806
0.5133235922150023
0.8231810787385012
1.0314982741930312
1.193380247528345
1.3473967065793782
0.6479895997477394
1.0871352095473974
1.3483859360348176
1.3032282556893462
1.103596462089351
0.7773871610975116
0.6634989920695823
0.8403807562830781
0.8891487114328811
1.1051999482617256
0.9317405053892203
1.2685274481634905
1.2650330446824902
1.2587482365133036
1.1918604531531867
0.48793416313794613
0.6475810451730775
1.09285009138533
-1.8011552477127233
-1.589590485396783
-1.0484357622691671
-0.3378537549416312
-0.8394442469117729
0.2723816251452119
0.44882335867210577
0.1682812007496626
1.0115744016054242
0.9377836647825426
1.0955721828063179
1.3864322839527172
1.5095031234880232
1.1701019951441354
0.5762106620182508
0.49405769524226834
-0.8591715756144283
-1.9654123284334373
-2.756691166823425
-2.363975047367918
0.011828283073044137
-2.3079070430240582
-2.102137850024035
-0.6246576386795443
-0.6270374141331226
-1.7021110161385324
-2.768883908402509
-2.012338653796064
-1.2335238467378498
-0.8167495457232394
-0.004137090273697892
-0.0831381725917456
-0.37026855103432726
-0.8557999891283254
-0.9329189661184221
-0.038939305924463985
0.37891586297418894
0.6522431876561676
0.7632031107247795
0.8713971754584307
0.9094810173170177
0.8014406902199266
0.9908969375352346
0.10888774976871969
0.3309607713769437
-0.5386601643292978
0.2438900925263502
0.330731178766962
0.04724914076735081
0.3974010526392026
0.7855143887804046
0.7366444772247602
0.15468631720757806
0.9764613459666996
0.7411478316189118
0.7275797397652889
0.07859584202903647
0.2186446080243145
0.16876328431003257
0.14673230976544135
0.25938509649676017
-1.2946783209344264
-1.2569779575110593
-1.8853686280558146
-2.4248213869120705
-1.2059713056518082
-0.940865083158494
-0.639278749825163
-2.3717949185511067
-0.8671955125938264
-1.2014691038760468
-2.3337499868768563
-0.25886858544525637
-0.07412695617517051
-0.36017570497439816
-0.31271384096866467
-1.0923502522584982
-0.8250811622010056
0.15202532182775613
-1.0693756896076159
-1.2640824761575185
-2.298953229195648
-1.1880075608945095
-1.684302010005185
-0.4957233280785467
-2.5855128189841867
-0.7857606882824295
-2.144603002402689
-1.5683579692470757
0.010973428308401352
0.9891460458105705
1.3291937824443552
1.2827780536378093
1.3319742081771595
0.7061098991268786
-0.2523164804865114
-1.165302364729069
-0.4940289805128949
0.21612522122349653
0.7785363110679041
0.7665288387921959
-1.3031292271276833
-0.3052499711941029
0.4986125341275073
0.5738963806895069
1.0272030084906227
1.1455093696938186
0.9397215307654425
1.1874473008890856
0.7532907368703493
1.16066663508067
1.0315849568009974
0.7461003868438966
0.6123909227064057
0.921947677380799
-0.6633056238581451
-0.4671592329375916
0.2675083670450389
1.1169037599723355
0.38591569456882985
-0.8541009019594588
-2.7981089097126
-0.8178321986963204
-0.14899922553329895
-0.6245053976668169
0.7287000248020621
0.9633322977094361
0.6160504114526338
-0.007699767634820954
-0.08297504490319119
-0.25538036127184066
-0.9639690370240888
0.2672085369236236
0.5248385329483882
0.8337378130345865
0.2590444033088787
0.4754640279218129
0.45625860141085
0.7472479788554514
0.29241050606817787
-0.8107758435561385
-0.5828755154337119
-1.519562435004366
-2.3236473280409804
-2.5114312164876176
-0.8335342181990133
-2.641727375896608
-0.6481509945302133
0.3546332892609965
0.8774756933976733
0.6973538619347432
0.2555039415476819
0.5884814391962678
-0.22138691585923484
0.5744062499396255
0.7376082726588529
0.3209782825883749
-0.9841315906217655
-0.4609208842744245
0.11159794211924352
-0.024198647277098924
-2.643215155189718
-0.6836680500419233
-1.6773873915218183
-0.36382500326644773
0.4533114013782791
1.2098049629789593
1.1932226621270918
0.5798855717552375
-1.4287417263778686
-0.303213646174867
0.390608754134841
-0.17930449293467532
-2.2969907399564073
-0.43865206115036337
-0.5374273734008295
-1.1758310442437396
0.15538338268150975
0.16711527478170002
-2.2970618378905563
-1.9321293122497305
-2.6274915705787527
-2.41208359720069
-1.1051113970984103
-0.9267922363834353
-0.6217070489378529
-0.45569215914373
-0.5059347978751644
-0.37090468573601354
-0.5652389642544827
-0.13703080157404723
-0.4888931582264474
0.05709171627506175
0.058447340646852905
0.6249699149575456
0.4339302149554679
0.029364072648508616
-0.4466021067812254
-0.06423264476167025
-0.475015335436848
-1.4457220667282467
-0.5241438274789546
-0.6064940663267493
-0.7593215448393129
-0.22285541592011565
-0.8880349382049362
-0.564955113047357
0.004705828256799128
0.7800210096747249
0.7926161785462381
0.7868854817649092
0.7725288326816765
0.9715239168732617
0.22704593956359548
-0.1845074616310076
-0.026158407470382165
-0.30027960391701325
-0.37458673656574876
0.02634393420460864
0.13752729549090892
0.1363599427371643
-0.5214830199930942
-0.18903236104544702
-1.6782470529427402
-2.6777748148736307
-2.5018861862293966
-2.6540803200400016
-2.5058975479305188
