0.4195182501070906
0.277101681205796
-0.02946256481816707
0.22381653051503844
0.2609630844674704
0.28736524422777754
-0.020397651480473407
0.02493280080912344
-0.06353330639346214
0.18564494949807317
-0.7190777879975486
-0.6603479936767448
-0.29357403568606355
0.012971447396478401
-0.1984416764443488
0.07810473659414632
0.10632862136009044
0.3148445459598546
0.20189972449599616
0.4508067006544955
0.5399811295864733
0.33569475819777655
0.6413373390844387
0.6041002976420157
0.7072368985801107
0.6996266991879618
0.8520053893705528
0.4930265314954632
0.43199816186500645
0.2884343942120002
0.19835337391219407
0.43918871119188563
0.3987547238259952
0.5433889101879806
0.31376940735948794
0.051715556332985975
0.4334835584805032
0.3210085909113
0.27012877141084657
0.3046935851110107
0.4270035167195309
0.7351341330173226
0.5159097521464157
0.22513981816487116
0.26702604626286885
-0.07349219853610016
0.2634887615584599
0.49665574514813465
0.4192012372115387
0.3118513274964141
0.07651077492303787
0.003145316299520091
-0.16926476974159585
0.24892150048540881
-0.06955537541875534
0.2501142551144881
0.2629036679627627
0.13663407718136888
0.6981559161614763
0.5705207443923077
0.7755526260275128
-0.00973418644055968
-0.08720242259465111
0.06667766525891893
0.2429115019370344
-0.05185960689786619
-0.11521031520320386
-0.32052994392645423
-0.34799442636819095
-0.5011906885849303
-0.11686405443768695
-0.32827382416308054
-0.11308221925765434
-0.049703423727207346
0.4082333509013745
-0.2398112417208605
0.23583800678626196
0.24664872035448115
0.4713144490008993
0.3727967242662566
0.4730047466580444
0.6161719734957676
0.6609701568267067
0.21979785614510491
0.6433479380936796
0.6591235793066283
0.8488426297929978
0.9273769502353014
0.9874250894839618
1.0384473008675397
0.9510301741466661
0.8416929497634843
0.5600109347800456
0.7495115172882196
0.14458930211482526
0.26236630769040764
0.41446640042297983
0.5781835319219305
0.6058334373411849
0.5542859373077403
0.8338616036608412
0.662281550208983
0.718403788884291
0.49046857792547865
0.4642918675998758
0.8172684920908135
1.1326126353998565
1.0860281556992548
1.0358352155968653
0.891329458781878
0.7738928152178212
0.6562474369603489
0.9673306759347136
-0.10236776151180499
-0.44904971238270663
-0.4314061990021814
-0.30107293983156574
-0.23258279026185555
-0.06031301741569623
0.24767114352021047
0.1604645139329928
-0.11346973681706733
-0.23821834431467975
0.26282202500096996
0.05240424605995256
0.14453848981552403
0.3464185153705066
0.5315267168010949
0.7296672288966003
0.24735310116200077
0.7204633354456382
1.152974546749162
1.162694250966179
0.983575420017869
1.1846946018330466
1.3245920956865138
0.8297659720668125
0.6971361293037567
1.239105686292745
0.684173061161576
0.8605596955850037
-0.9173766933797683
-1.25620473261012
0.33036799429014996
0.7916038827831312
-1.2836262860213732
0.5560774510028297
0.27580007397561146
0.6445887162288958
-2.5095169515944633
-2.6119509595883565
-1.6650701352477582
-0.9539538518430186
-1.800123667348112
-1.8908285763363337
-2.7294309370562115
-2.1752893191221507
-1.8227136723243635
-1.3190797858434908
-2.4196314746904504
-2.8966997379123773
-1.7432796243378645
-0.8177777111349683
-0.13535508958144155
-0.07617235489113702
0.2696096727855113
0.617908250805832
0.5324735006722329
0.7443815513701463
0.7082267550091971
1.1290857561302743
0.8039346448621054
0.40434036678187874
0.9834120982939005
1.132203825732903
0.9380789616150272
0.9306974979571294
1.123024131730048
0.43164367772114826
0.860393356774403
0.613464595782223
0.8146029880399254
0.9430125151579755
-0.007455753845209053
0.6420236126172125
0.8034593451764501
0.8743885600605674
0.1672721376321497
0.4654271012912287
0.4133670215441938
0.6040555389674656
0.8400995765927012
0.6956612347516687
0.43109762277950264
0.5700614079187392
0.21968644393774858
0.03658386692028345
0.21869742039776238
-0.8660917100586927
0.017549369772201524
-0.3158352801635119
0.06102712529150548
0.23678913427904763
-0.5554691771055563
-0.6165215668881496
-0.12921226557204132
-0.2530676490529362
-0.11560066819367783
-0.36782101296563213
-0.9141709296050338
-2.473200228592436
-1.238831835170844
-0.6107017690725685
0.15686577376523841
-0.3645008322108512
0.26694557291577886
0.1876537585707551
0.31928616017362804
0.4403545586955042
0.327796008363198
0.5614656488198116
0.7892567599593537
-0.20043720377958474
-2.3806958272946854
-0.671596989600486
0.5697028257920118
0.3212210729513629
0.9427543762629274
0.5162863145689487
0.00713978835438869
0.016776313381737035
-1.080147484960032
-2.0085137364560897
-1.5139052268785698
-0.8771990988811477
-0.7680640539007392
-0.8629060848372192
-0.08948160664808105
-0.0037407311341046724
-0.07759992993987073
0.4596725202976554
0.523854170219422
-0.4220702730099273
-2.164927574462721
-2.104712328844765
-1.116266774901366
-1.0289108255544226
-0.6823344519319623
-0.5079252688156274
-0.024810233545097156
0.3043932439973722
0.7001165354634254
0.1142622189830232
0.17275882046078903
-0.8368949585544998
-0.17181165876155974
0.22066243969659474
0.6202904662828854
-0.5664867949446486
0.19221539567221488
0.23886990680587772
0.29906996541072706
0.7307604383202869
0.25955938952430585
-0.2668390910290936
0.8245168241352016
0.9414589801068649
0.43266045069752457
0.34206678369938803
-0.3789336672014288
0.2893223260942254
-0.3001001523906626
0.05114659607413952
-0.17477229658379695
-0.24773671955054646
-0.7309581926187094
-0.23384232760590962
-0.7074976793756033
-0.856140481253337
-1.0219894781082848
-0.5641938439254714
-0.903715071398828
-0.8473697468804127
-0.882800599602794
-0.7094728636602756
-0.8725709447307127
-0.6549390384989515
0.0437924156052334
0.16555315094584527
-1.0177235639401518
-0.5586576232417355
-0.7891189452927143
-0.281952646716683
0.47125508356234463
0.11367610577050018
0.2075994638235045
0.17727919128178218
0.5978321291806603
0.6309608538594147
0.7598307281690363
0.3650578184844695
0.6305296580678035
-0.041654069851772134
-0.8181427356648902
-1.5301835865453361
-2.1105056352600946
-1.0617188069167498
-2.595541169185652
-0.4663317924700824
-2.5807414466338754
-1.3515092881620638
-0.43827554349462755
-0.6860244758188918
-0.29636376191729097
0.19593875986303666
0.1274351311996995
0.5276629732141739
0.582557725716522
0.4077664359378739
0.09839896899717686
0.1165876545410138
0.42337884056843816
0.4980938775366661
0.8375877384214485
0.7943334270082454
0.2849621800962875
-2.440621855581929
-0.3641810898998704
0.2123101533563601
-2.643291747037931
-0.1718713190238478
0.24383604504133743
0.15735355006000412
0.015025214733982968
-0.22243572035771791
-0.24338701467685966
0.09529607588393794
0.3416302207329544
0.49556076370850616
0.34072519522748534
0.25669914070616384
-0.010114540215385916
0.5157677562475922
0.7756783207979653
0.3451871600918972
0.7084457528830933
0.8614059028860177
0.4169503881045802
0.421137428567834
0.19923810748339413
0.28245542668115087
0.017883878056542048
0.35160234899046133
0.6789264584710236
-0.7538788985197697
-0.5371227591695313
0.25634848213830824
-0.6042443243083075
-0.011110046139764395
1.0150840891202304
1.220561611093707
-0.3122946010026818
0.24175677844395835
0.6763489691949056
0.15675423238429884
0.7802973166300696
0.639887829620309
0.3044881687968423
0.022468132342053512
0.796538285782779
1.5503889193760083
0.15434893756610268
0.48423203805490955
0.8049872250385737
0.7174091155309043
0.9147466355986175
0.6847311489987417
1.0648519114070603
0.7390720186695233
0.18780124233504114
-0.35889129743401793
0.39071733298940886
0.5234485819044322
0.7662621707533189
0.6114986205466104
0.17331452461528532
0.6877119036670711
0.8872493545363588
0.6756575227608126
0.6944275244711596
0.7111158137644361
0.34046443077321337
0.5844416358160136
0.40328968750776417
0.6566778189994095
-0.49327473903868996
0.2496322212976417
0.6799144926526371
0.6656648381382937
0.4474946460342023
0.06627814317513729
-0.8561565779410544
-0.22050663912725835
0.2812969494696941
0.5171038642134979
-0.2634564209571293
-0.001173092986310029
-0.01775086488926949
-0.2565499258209031
-1.9101346763606963
-1.3444128733056067
-0.5781346614603332
-0.08068480467910646
0.2055299873174082
0.008875773089790134
-0.6458779923339804
-0.4600110053779549
-0.185831753047484
-0.3737491854299441
-1.949097120806882
-0.44331478793269574
-0.008797397526068054
-0.03809031932012684
-1.414067122539387
-1.2647768804981288
-1.5624868549769397
-1.076228156902486
-0.9405646788105646
-0.9706847711719487
-1.428485366013526
-2.0037422907722098
-2.381898564387655
-1.8196637414887058
-0.8970874296272233
-0.45577152267898446
-0.00922172998392443
-0.3649140232465355
-0.40625696960902974
-1.183551329664354
-0.7929628072481253
-0.19421183859595884
-0.7749497499344907
-0.6437507529276412
-0.15766286304406466
0.08356479838361032
0.5346313988864606
0.05975953635132246
-0.757460148413955
-0.07177913366661944
0.4375339779446792
0.7854203241651992
0.8301615696963514
0.802095362609207
0.7565429033100491
0.6573421006489294
0.834372637634676
0.21641091146704006
0.6193590701088132
0.3579245446075024
0.08230333577867913
-1.3296357417647395
-1.9776045307133796
-1.3071219300140886
-1.374346758227109
-1.660145106146657
-0.8629724176309762
-0.1217454272332623
-0.989223439302582
-0.7285935669412001
-0.6528039081904234
-0.6803983451734424
-2.311080941988499
-1.2997636597572915
-0.5637348585921345
-0.017063817475057138
-0.32992066446174717
-1.3860115330204499
-1.3511133979790506
-1.3331568189973009
-2.0903019836366235
-2.241867483832422
-1.596141133376403
-2.2679728828933468
-2.4646503682905347
-1.267365648238952
0.06907847666011716
0.31628896884172203
0.05119421313095037
-0.33171105683676977
0.33250302173052615
-0.23394814549549742
-0.08983712791695671
0.35769360075791234
0.4283820185289041
0.3871251829709385
0.6156842466052711
0.4248801475636085
0.565594217577239
0.42695568328267397
0.4970111784869412
0.5871447779513148
-0.02522260294391411
-2.1253320376566536
-0.9048691353370174
-0.6188845878390469
0.0034327768007310364
-0.12000336994584919
-1.0872221393482466
-0.33005016027376954
0.2659370216993701
-0.37896941656306277
0.6046478049281989
0.8214069052492796
-0.3866661051484391
0.751146701302526
0.8012123894081531
1.025012948584548
1.1933064781559521
1.0393173023460907
1.0707309068566904
0.9572407450511026
0.9035195050934608
0.4431644368737053
-0.4391229992677853
-1.5589312150733385
-0.909991334284771
0.19521890060798638
0.7427343867921311
-1.7730009786867518
-0.6433978536142023
-0.356411815890023
0.09008372021890133
0.46297147484489404
0.310816380788278
-1.6478296277614115
-2.3565242477822537
-0.3445543702806342
-1.4880480667801719
-0.9394708233393931
-1.6748179761941757
-2.5776307280751176
-0.7148591815638564
-0.36291780751536057
-0.9734448437203697
-0.1050354592888623
0.5185140138159228
0.36677655255153485
-0.029088511693059337
0.4072875306840647
0.7041110166556522
-1.3953079436693199
-0.4469749120359712
-0.08052186030759996
-0.24808788061544196
-0.4334411902239089
-2.120325495545915
-2.4785506732694143
-1.6433098862082898
-0.8692133144223617
-0.7349365823649364
-0.3182837289507793
-0.20112963106637133
-2.1122666624463946
-1.2481681725561302
-0.35012993649154855
0.04479060648690919
0.2685128758297381
0.40621858939500743
-0.1860770226294558
-0.8709958327662268
-0.5870105111922712
0.5247852897060971
0.6557678258560327
0.3967705051198437
0.40176077852507786
-0.1277315813572363
0.29907862401054314
0.09087619497261007
0.03651491274867038
-0.0934989685174096
-0.30165876566771366
-1.416699145456657
-2.059922523985202
-2.5208711148768415
-2.2995897621505796
-1.3365366829439569
-0.8266439215692196
-1.8598154865809895
-2.0131984131266654
-1.1677444328930284
-1.9987112908445108
-2.111673218520482
-2.1094954535407533
-2.2515700700274133
-2.042540792878023
-0.18381782494298768
-0.8749945430812995
-0.43930331229712766
-0.2926651600352968
-0.749070708995404
0.5254722013009917
0.07178776347668162
0.46261535604719306
1.0825527037337819
1.0889658439539822
0.38305836657288966
-0.20937540552810235
-1.0513798878348055
-0.3454901076200042
0.1876582659981998
0.37245155307128913
0.29381653098088945
-0.09276355759007854
-0.9962941351425895
-1.9159584842642399
-0.6492535677154686
-0.8405597416459446
-1.0309204082634233
-0.7598201113421403
-1.469234928465925
-2.618824959020784
-2.7954563984266416
-1.1649638667574755
-0.7525014095353799
-0.8879776402145465
-1.4146553933402748
-1.0625885208584391
-1.813581231621398
-1.793035591699465
-2.0174022152091537
-1.1470710147292251
-1.393247617579535
-1.8146773155583606
-1.7941461705725894
-1.7269159982350675
-0.8906585398086758
0.11890883651483186
0.4086511948828644
0.3029856156383966
0.14682918674925746
0.25798760565433576
0.19496212342104036
0.09693119019883734
0.1984220094698187
-0.7011040407474388
-2.7395287807796014
-1.5321203792609501
-0.5048244022063568
-1.0632525716907366
-0.8512647564993955
-0.7365699827716985
-0.31399196486860875
-0.7134406023014163
-1.3151736624632107
-1.310211579371189
-1.8183847229093133
-2.6777447338441247
-2.7646065831390043
-1.769218387373697
-0.854863846716603
-0.4580478208890588
0.04996239725410219
-0.05294674015512735
0.04535085514322417
0.18684549652943253
-0.5617846209580958
-0.08904521847697518
-0.14573362546192695
0.5652480159739349
0.04229703131586861
0.6799780911771952
-0.14172838106834884
0.59881737735066
0.6907715727767897
-0.17981643201824818
0.2936317264987163
0.4256125460682518
0.544483787742914
-0.4316880090325314
0.04728604835246222
0.26200242589189604
0.40701531729519264
0.47520759388737266
0.42102746825912135
0.29639460168258785
-0.24284679620950186
-0.3126876477588267
-0.39185582641730776
-0.13941688998792476
-0.10945365269339616
0.5358681681857118
0.5399845843180312
-0.23209451425217742
-0.47153330905273355
-2.268368029400389
0.025848933734125713
-0.3200714594473787
0.27504430810956926
0.07546440756300085
0.2456524496461735
-0.6186782301100361
-0.9970706656072871
-0.9801146848559408
-0.14044297020157603
-0.3550254889479712
-0.0034066251515490475
0.2312335537340398
0.4839377239714073
0.3836734995008943
0.3466751606490412
0.3254548300932093
0.08555320003428082
0.3169389041799534
0.04202754173161981
0.3671545739078617
0.43241420117550894
0.492290434150553
0.29985409239777333
-0.13345240400231803
0.27176863158752207
0.39541270593853534
0.35469197274008435
0.21138366980387596
-0.01207360023876341
0.43834775352576594
-0.12735227764387805
0.1026610406078759
0.32403876195989695
0.21431370803102026
-1.015264285498034
-0.3088313898669635
-0.34868579673389144
-0.07665195669033734
-0.001248600899291334
-0.05344281964932292
0.01460044604401626
0.13288246057964706
0.007445870950077984
-0.5272425611866839
-0.5540154382061839
-0.2690910764367323
-1.38191200962333
-0.1492263224436571
0.660922749307492
0.5201490934557012
-0.0072476205840356755
-0.49185549999311706
-1.3023321342062528
-0.6228528284865289
-0.043991995391493496
0.16023851725316465
-0.19184288156776877
0.18047403340370347
-0.37457794666858335
-2.5102534872931392
-1.6375299185788537
-0.5773683336987417
0.11958163792952975
0.14668742058365491
0.6359658066318571
0.17620980764703909
-0.26721923130607944
-0.23442326329772945
0.1729191503706388
0.25821659873134306
0.2440916110393595
-0.4896104624507956
-0.9907210030819835
-0.25218906400025676
-0.2712801066464022
0.16225204775570173
0.06268128774887151
-0.10830005964388068
-0.11699885508236059
-0.17960948894018336
-2.3081612447261404
-2.4318182790089438
-1.542359764638518
-0.13521900121105832
0.08528354740893333
-0.3394763517005281
0.4011850019106552
0.5039012738935562
0.4758523930180381
0.08947104591410876
-0.35203480938163684
-0.43375840487332323
-0.1335890487623724
-0.4251793678476969
-2.4309002155023447
-1.1321634515007342
-1.371391857127756
-0.8321709944750015
-1.4932629945879423
-2.511741566561622
-2.0488877954770035
-2.390428670519985
-2.305861768780628
-1.4479998815067718
-0.18056672837982907
0.21517716513860177
0.24168899948157777
0.419458664089338
0.28383621943882537
0.2806921848440916
-0.546523558765308
-0.5680917818511293
-0.11762801891951737
0.1293785765190285
-0.10995831969667051
-1.487525751142982
-0.6405845546566951
0.014901997217760476
0.2748687656013915
0.62540312901827
0.41338834363630805
0.35922758922424486
0.502566289055757
0.8402978096099063
1.0536686471588288
0.8929735538934434
0.40687602197143413
0.6922768097056187
1.031327651394212
1.022523605567173
0.20428552684105566
0.4299733079648415
0.5182462607121665
0.6104564182118597
0.5398158892599684
0.35021877534497453
0.12074538902112936
0.5361802091632615
0.4795671158055831
0.19522760844074996
0.6831421972065471
0.022086547078762564
0.3245636844744839
0.30550690020052085
-0.0011729794617699437
0.4253055219791654
0.686988359759308
0.5711266712695167
0.2850590394381994
-0.2628272137214263
-0.10994000225918456
-0.30926643633478124
-2.0904096441154123
-2.4928558802822804
-0.9037524147087721
-1.0337825174640785
-2.4934602754925512
-2.5861734754356354
-1.0486792259057944
-0.10940340096046149
-0.34675656135995514
0.04203009693053139
0.522835198107131
0.32997077386756435
0.2576643335119816
-0.6688519082898465
-1.0148665556776602
-0.2140727728515185
0.048719071904728135
-0.1927658837652296
-0.08720750622670291
-0.35407020510136594
0.07621451218716695
0.09171136478198211
-0.6916303283442615
-1.1804869271420253
-0.9175787022481544
0.5136989237098109
0.144753653973307
0.3872702759236164
0.5321114507267454
0.9001181634267018
0.29456368646562375
-1.3435486613966003
-0.336281202925538
0.07445280014693516
-1.1527223549153713
-0.30426072081238587
0.47556752779340283
0.10765425910642047
0.610197461533845
0.2855429144924883
0.356188789028372
0.38773009864536345
0.5022097619179023
0.39837143285094695
0.22314047782079866
0.6953377033835628
0.2774972710910751
0.3433868071308534
0.07332772938298802
0.27449946345418186
0.28266072973868667
-1.375688106626909
-2.4872029725642784
-2.3605123709254623
-0.7085760597675181
-0.8185463810085858
0.023971331647732876
-0.28342717814146784
0.5052757847078989
0.4270231942703979
0.517230487284728
0.11354864064706058
0.26299166449730665
0.135898879136387
0.1944947993532632
-0.9349740348804221
-0.3833605559532181
-0.2930251076981207
-1.064403198923723
-1.9607779519291098
-0.7433967971871519
-0.12139185221675329
-0.7064917935708007
-0.5317888279323347
-1.747969093952926
-2.239738885856228
-1.0176513973739918
-0.3826006534505961
-0.4123300806645781
0.02094699822337069
-0.4140729106166691
-0.3476294618466581
-0.04614193723085862
0.13633488683378978
0.22281519554915682
0.17972629087177303
-1.178977384324618
-0.3435342039641862
0.3351833078619782
0.15255271013823518
0.418039623726331
-0.17954392866752739
-0.2619672942497618
-0.5079362235036742
-0.6233419223460537
-0.47647217172644346
-0.38838727066103695
-0.38451079315639924
-0.6028726475972993
-0.29932349885293486
-0.20716057595620838
0.32669984106071825
0.7101698689173477
0.9460277949819245
0.7857706652001054
0.5871151189657899
0.8925322104853934
0.5424119985996477
0.2215918106995822
0.12582215217704593
0.0481042566171153
-0.677057421758752
0.24713938885576753
0.11064769507676483
0.25922655697771446
0.6717989007813175
0.4836490227458602
-1.2599110493533332
-1.582483237989324
0.040082465800295834
-0.9105356019247607
-1.0632434351867037
-0.5094983888304666
-0.8455626327871035
-0.8876144389242002
-0.1740031006107193
0.031591534429400756
-0.21838581564501128
-0.4973300351116859
-0.7108082006198836
-0.40529747071876043
-1.9802262515543927
-2.475019402502889
-1.5560896001689666
-0.3812027367243475
0.3476681123464799
-0.01418744541986085
0.22322092041677455
0.21823061305292968
0.47554428853725683
0.39142095189434234
-0.03024955906340126
-1.0475260974889384
-0.11406578678461457
0.2743478414169946
0.40593149941216267
0.21971886206277044
-0.5599532099413516
-0.14457345922898393
-0.33340516690685496
0.29878335254815597
0.3212807970800754
0.17671142600856243
0.3739133296428578
0.30387901037372655
0.24876494804237112
-0.08039665283761613
-0.35455421790892255
-0.3777621525394955
-0.3833972665513172
0.02766795554707776
0.14793040368100746
0.5084457322382192
0.1161633491888582
0.41189352884536495
0.9093305997295554
1.2037406441243028
0.8345228226279057
1.0359388287783096
1.2289369619230903
-0.2805796264592724
0.4805707993463755
0.6000693356169525
0.6015934083298337
0.49499625183144463
0.19215929741129945
0.4711647891093111
0.24404886031307377
-0.043908512295599264
-0.21908360743833383
0.28304672282439597
-2.373853258597284
-1.6203972169176368
-0.17554700872700504
-0.10889724671132318
0.2958715290669449
0.3934761274079146
0.5908162710688665
-0.8396914567271703
-2.4557585864690084
-0.574392326746881
-1.4482490775250532
-1.549983630389974
-0.4121883493849813
0.28073490291818715
0.5909966365122993
0.5328847071360342
0.3198884936632064
-0.5090208221456647
-0.0605863636129598
0.4082671796666085
0.42790725617910697
0.20437049369384963
0.3950890581298977
0.772980307834963
0.41033198080646355
-0.1418911349466615
0.41173445253529595
-0.9619518915584073
0.13321274332185243
0.24403321938329162
0.07656529513967118
-0.3164652337042523
0.568120477256995
0.6591044096669467
0.2977436604574484
-0.5262724572727023
-1.1612982369588358
0.836134738927653
1.0372393255778456
-0.19864043292201325
-0.3267738548499857
0.22537426708492486
0.7354466567464452
0.769884550714633
0.591806559231901
-0.4873944905242726
-0.27410971481242136
-0.2767047387543489
-0.16092240708750194
-1.529522642586003
-0.268049550721031
-0.1853003028743956
0.3810642181948761
0.18256285500480446
-0.28045898757433924
-0.9896542533558849
-0.04401874330319979
0.6427817001206767
0.5635236782570303
0.5141308666840069
0.9358303705338965
1.1358841423491388
-0.23707216057875224
0.3742536014597515
-0.33952622391211634
0.35354304378930423
-0.37417972025769614
0.9468607188543177
0.7798355645394868
-0.3958754606497919
0.3636748602366678
0.49801184216009425
0.12117014312949727
0.3123620666483743
-0.2985216468698062
0.778179281754019
1.3036463022853642
0.23866418521673244
-0.5448480553675807
-0.6443570345781399
-0.796080077682702
-0.490771414569725
-0.5544152521577008
0.119924252412612
0.04894877528910465
0.28141696505186076
0.0578663178574497
0.17287931764977377
-0.4703387330580232
0.2967916626805279
0.06054429272116309
-0.19946413633768595
0.38847969654288944
-0.062048452121830015
0.5210215053191424
0.07631334465088652
0.9359585998141265
-0.3175939588718119
-0.498963788261206
-0.05250019789647262
0.07466432700235809
0.058464276007980154
-0.1980260653527412
-0.2738632366590004
-0.0756329139855707
0.321958301389531
0.31643276980898166
0.689213093680211
0.795090166255434
0.3474598106286966
0.830369507817932
0.9248873923713649
1.338344638033397
0.7690041852606135
0.9423870912581924
-0.9795123462688138
0.10019807973518863
-0.5474149240450171
-0.2593303176000863
0.29403455931799405
0.4126847280242628
-0.14882070114990922
-0.47122898454858914
-1.4167464804188636
-0.38850209627540866
0.14166805426453846
-0.1242138321908809
0.06848394612277775
0.33188782151010776
-0.09043733221416426
-0.15086622291592972
-0.04190694983740434
0.28163684587679644
-0.1643020934124643
0.41324951144850525
0.23793092542124036
1.1702212552746614
1.0012867108187353
1.0843881158245108
1.0839292124502908
-0.18851370105867618
-0.30199961850141455
-0.40563130252531776
0.1192262765843582
-0.2272174978256044
0.3755263804028931
0.7026776158790244
1.1444885198508477
1.2675126901366511
1.3495734673110769
1.2706406415815827
0.6432567083043899
1.0890355574189792
1.0552287474692066
0.8189329036052098
0.5419805829230698
0.5599510513123382
0.3992153946606557
0.4618243866375996
0.6112492047600584
-0.41336571128089805
-0.21597396627084342
0.2664951635982837
-0.3372511746266275
-0.46843431254673285
-0.42942294890506544
-0.2124393199019297
-0.7422298668979225
-0.13885743689349492
-0.0005204135438332529
0.2502093563274054
0.1754017950336101
-0.08699433635693432
-0.14906459477819445
0.08407852103413696
-0.27461822777438727
-1.3611419695404465
-1.4989986966219868
-0.7879340567667458
-0.8641690585946173
-0.40721860315123676
-0.4034944318548479
-0.5056559607145922
-0.3057386845709577
-0.46490967039710435
-0.33519500759847143
-0.012859909266711187
0.08797486554585411
0.22592913114801627
-0.0695893438580453
-0.05569072058021878
-0.03381730670767809
-0.16158734544916661
-0.14130905817569644
-0.48933799806678235
0.2560314291227145
0.6151323961073861
0.46115024042939184
0.6704020248011204
0.4528297822573242
0.26959444392711324
0.4032851432806125
0.39214231558134405
0.7679645936825104
0.9546495559388068
0.5336716995398476
0.7076565793530039
0.6378235401007002
0.28393912284719536
-0.12198018122143157
-0.21065855699612077
0.04388130671700378
-0.45943221884079105
-0.17164627626088647
-0.19317398807630004
-1.5203162321928825
-1.0446487228394157
-2.118109692206754
-2.1328131064723337
-2.1174403071280246
-2.455298496952063
-1.845431109076193
-0.5125182073173996
0.05174452288106987
0.1112952284962722
0.1351290427084689
0.17273703265241985
0.22078245934279653
0.6560462641194531
0.7487997860802226
0.29628253015003275
0.2553685698924025
0.4170049650306543
0.061139832218269234
0.18375064558909143
-0.20764529855641925
-0.22805004601281614
0.1339304647653885
0.2563949128116422
0.23748625533892
-0.6591277892721955
-0.21332038648419085
-0.11676238734564842
0.41321946684456007
0.3777222891611317
0.3120454212789339
0.4459750064584635
0.366687632141828
0.2706970861113562
0.4370723628969641
0.4092139131444093
-0.008276739594540419
-0.08993647581806648
0.15741922253349136
-0.4461945418514986
-0.01890769176843439
-0.05061469172104954
-0.008226570435665066
-0.7306184115133095
-0.5615809035307142
-0.29246899819788696
-0.7689895244248044
-0.211867410470978
-1.0738083091852435
-1.6456801099166043
-1.1285265779154892
-1.6824959360638625
-1.32817892930999
-1.405924538599673
-2.6950433975055055
-2.6975765139401995
-2.5451028066456436
-2.915733682522523
-2.0077897967320713
-0.978572497245151
-0.2578690850430088
-1.3992501544365084
-0.3888079274726607
-1.6209439697817016
-2.194086688684291
-0.6854721460330556
-2.1970307619537413
-1.4889917334218172
-0.9298512576671633
-0.1078803134691367
-0.46326490476170495
-0.9211796273122913
-1.1200297452038226
-1.7342872758065975
-1.599973620887014
-1.4837728735582834
-0.8735287413299399
-1.0662770452332835
-0.49451231161714554
-0.44675266874426495
-0.5215853707151775
-0.4087203668304134
-0.0749684949832208
0.39222157209531533
0.38030553515669363
-0.08751201817872446
-0.06332698312514089
-0.10155000542845151
-0.2761090976738966
-0.23652739467541825
-0.24891726546273862
-1.9269345124730657
-2.1397931645915964
-1.0235266171592992
-0.5470910781910997
-0.5201067771151393
-0.4958523012070216
-0.0439589406979932
0.007737772768679838
0.2319632437568716
0.5239205661832911
0.31374875088018506
-0.8369176490480977
-1.3737275275290541
-0.3521468988661301
-0.2415457257414957
-1.1538233364949573
-1.1780001255251735
-1.3030798657861526
-2.1779913657944183
-2.120254307951879
-1.309753724374402
-1.3319368251112886
-1.3009605996319498
-0.999382516318093
-0.5521737650121903
-0.21752645121425512
0.06101794055701356
-0.6764916531909712
-0.7919971278029536
-1.4104216236671732
-0.9951770222747988
-1.3903519691937534
-0.22941899822135575
-0.10668434977739093
-0.9383133591287951
-0.10722489340678909
-1.0400382513907995
-0.38261572088744955
0.2646103960932685
-0.9685940807226704
-1.3947170051059317
-0.8733781105882635
-0.3257329822803604
-0.7739653396755977
-1.9107227775245978
-1.2671703332232813
-0.7367357975964743
-0.7951333315351393
-1.3452904990934755
-0.7101307378924652
-1.5968748405046795
-2.055761997452146
-2.839857278281454
-0.7286174740980034
-0.3708834763363576
0.07037631374795573
0.762574575238279
0.03170161614276969
-1.1547712846402636
-2.345298483944261
-2.5134669528558535
-3.005807438687033
-1.444649461521744
-1.5237221717195468
-1.1575425533995236
-1.347005168047042
-1.0638259860950359
-1.5965866485376998
-1.2516997116909767
-1.7528794234056904
-1.4431870883391287
-0.17842647550172422
0.259023910552841
0.0740978100387527
-0.30931101323210175
0.07673642732617485
-0.672408080100125
-0.24558601752109777
-0.02111205737296003
-0.4990302600396798
-1.1354800432967866
-1.252023755371496
-2.419602262279899
-2.429007886914071
-2.5091056464634827
-2.667210313796328
-2.044738465038046
-1.3280041811343801
-0.8792826254331483
-0.5637637914598878
-1.0855731106083555
-0.7910190818174372
-0.2714367139113814
0.09725186039147672
-1.3113972820595903
-1.6157650237021468
-1.9990996696437755
-2.384211496852789
-1.2866850034939723
-1.8198641527166635
-2.340127237718133
-1.9523016879628419
-2.3071446922647443
-2.451066962378274
-2.2969401509127962
-1.863416819253746
-1.6666877507942435
-2.0129057539767
-2.406409650285367
-2.03860629081599
-1.4395530715477942
-0.9870979299040857
-0.7229392955691242
-1.0372628243169917
-1.5933818330007614
-0.433488667613028
0.025752776859967626
-0.038255132576287494
0.1689366107831944
-0.3249125921967824
0.2550727720149739
0.4722237942094692
-0.052955734648011
0.09749263357171516
0.7142999389765269
0.7193441189791842
0.9992753077053312
1.3904548263972574
1.1972349051156845
0.7904560194244965
0.719707235196315
-0.19194706914204931
0.25041697230362925
-0.5359632608536318
0.19541797258439964
-0.27123527934630126
-0.13744887337143458
0.2746974918184451
0.6663144719489994
0.5952239090094399
-0.020903558620617692
-0.1354387060173982
-0.9645089558413407
-0.38251289865556715
0.3219045202896809
-0.11275892307542157
-0.022206540960439367
-0.35775059407858445
-0.05441138582761792
0.6261056310716161
0.484228273182758
0.6005863397729791
0.7230206459030427
0.5171704530969705
0.6312285270022676
0.14799132224663014
0.7413768710930622
0.7377725331656326
0.6218127642875799
-0.9495177789350809
-1.2420859930250008
-1.7690486409748336
-0.9330455890776137
-1.0344643604237136
-0.5941013424330561
0.10293385098680762
0.15179204796873674
0.2911784804331783
0.367219896367124
0.09808341274139334
0.8722787454203024
1.0402784133766985
0.39206865490620274
0.946554901354307
0.449949200460457
0.3797713750214173
0.5405405796731698
1.099696024695198
0.7749058981343542
0.44578607303930673
0.6467892573674964
-0.4777136718292812
0.02202258358552241
0.3564866940567582
0.5583486160823412
0.45481900802958236
0.35433567922261916
0.04688765032406336
0.10968968249594134
0.04800265277536958
0.19896116486538312
0.13751966952541508
0.7627253950879814
0.9960741622863313
-0.4612369966936967
0.39198145330528467
-1.4023109002582248
-0.41813452243815347
0.11366932661421252
0.7105913711145123
0.6511224118026645
0.8415823466907515
0.7710009342765968
-0.042845394758413695
0.18497346967341424
1.0634437500174645
1.0951608605218228
0.958819637980262
-0.24224667181656812
-0.8392398451196372
-1.6903727346925546
-2.2291878195938555
-0.6059446009783418
0.5274958848534426
0.6254302581688315
-1.2377189384648628
-2.361771614580465
-1.935243888108327
-0.4565675390641598
-0.39664922227916394
-0.3071487797584844
-0.1678757437727292
-0.3838144241316691
-0.05327673031602643
0.4044435960663822
0.2998287283847077
0.3377442829303139
0.3736943418345197
0.39504818430196936
0.7691808557904668
0.48582526296705675
0.6436148293036477
0.9342362172133833
1.1981972606946225
1.1150541593604733
1.178399920791055
1.286788220518896
1.2007695657006696
0.01134321520016808
0.09716916938669827
0.319277910531593
-1.040772240484466
-1.7533904310728006
-2.628520823105475
-2.795464435167715
-0.7959785688365408
0.2536436137854884
0.6130101680057282
0.6503446372364909
0.8065781944803112
0.7752747463857887
0.8344316064833249
0.9586509626198667
1.1154518843857364
0.9670720980569537
0.6383439954772112
0.37397368454735286
-0.2147507794073124
-1.0560995389219443
-1.6102302634030705
-1.8126737266859918
-1.5893455119715045
-1.0691318150806481
-0.9558496882024881
-0.6701886591550799
-1.727385880681208
-0.9941131645132649
0.11303244366136572
0.4407387251002384
0.8582548147182875
0.7327061454025433
0.39577811319284506
0.35675265233164666
0.2105126753819611
-0.08477231229746078
0.11424102359844532
0.5981690679303582
0.5206775035749972
0.7136905548688007
0.2711766752050444
-0.3655863236788148
0.49037451234562063
0.836298040667366
1.0752931646058517
1.145066527364537
1.4238666071313046
1.3538688369088325
1.4274882343859296
1.3292978628309071
1.3643232556647515
1.4744339342379287
1.5926043749501646
1.2939370180251946
1.699411482914592
1.468139205263457
1.5905380093668022
1.5521627297475447
1.737889529332153
1.529140854737499
1.55803507972786
1.649249772038159
1.704294169869437
1.1982694809715235
1.6453848061895526
1.3598303370032427
1.4169602631644436
1.237518440681906
1.3910693786507424
1.5240159199345154
1.6354493267445633
1.5996413287712994
1.4159821264286012
1.708891468647532
1.2754366406369806
1.03483968351952
-0.27440942010067587
-1.9470263877135332
-2.6457937356804835
-2.1713650307294707
-2.7399043726862167
0.27337867818052514
0.7539330588827516
0.9128863120249402
0.4447422146029068
0.6254340008131511
0.952424051298539
0.7944220490080062
0.9686582533077222
0.35209667379717574
0.33895175132337857
0.09516464541009978
0.2071360629579832
0.49500342767624533
-0.24742012429959723
-0.4812419044211036
0.05810830890334893
0.9427234689176945
0.9803717976864281
0.3264377938821236
0.5793918623173259
0.5073093320079322
0.9044762361810542
1.0518265762686023
1.2731535956729945
1.3621389333844824
0.5428133055007279
1.1759184425108926
1.400920604063869
1.366123992160278
1.3108433482874302
0.9157373231662668
0.9072319554430918
1.0072514992488297
1.0927560161614722
1.20920814859775
1.0368678071115482
1.3282813252910717
1.2532324513528388
1.2333641810889826
1.317121610685687
0.41145371169602635
0.8739887170244436
1.1350703206295762
-1.580963544674079
-1.1327801460436477
-0.8115947473257307
-0.20293257538759013
-0.5273752232758793
0.3105283522357281
0.5550637330325215
0.44492364333772577
1.0583065247756158
1.0144470429442196
1.15746555443304
1.381310658484764
1.4944041481669368
1.2092280027998936
0.5530729326035786
0.514270834860862
-0.7977788408056665
-1.7646184380605543
-2.4649659194032463
-2.0828526085754597
0.335255044743297
-2.071862497478466
-1.9993786815659944
-0.5739250416184215
-0.5460968895935692
-1.5459350676453292
-2.839602839043853
-1.899039533058933
-0.9589636218182227
-0.46432657732314886
0.018663423320703726
0.06577293196350775
-0.17740819825306098
-0.6075957843261449
-0.5917804002591946
0.09313175996030887
0.5040435303668864
0.8367078737147858
0.9460397746650614
0.9339901863837382
1.146557845573947
1.098753497320409
1.2168634796269189
0.24630824397652495
0.3646643442299241
-0.2714102999240629
0.2667266088891051
0.489938733360619
0.28384418816051077
0.49394942701618927
1.0238017222302218
0.948721745115275
0.25371320869565034
1.0402543430802957
1.0191498221841888
0.861064055799429
0.18457015973322322
0.17925615253234006
0.06728535245110714
0.08735355079633995
0.2640862694001168
-0.9090738539922194
-1.053174611196427
-1.7713350572173565
-2.3795165161351406
-0.9312487715241204
-0.6602234925320292
-0.6001389071168368
-2.3987249650359583
-0.6992518704682218
-1.021347634260217
-2.2337692468174817
-0.1923754857703998
0.009407944356819017
-0.2936165990094122
-0.1887532333601962
-0.7176371142639949
-0.6394746169472688
0.17492908245516198
-0.7312068322683447
-0.8850700174861861
-2.172530355081582
-1.075507800369382
-1.6902416268124623
-0.36389713958035663
-2.4409190092981574
-0.5551597122301652
-1.9000120122906925
-1.4041185048838623
0.2529803217170854
1.026727128425902
1.4548020164857305
1.4328106547447508
1.2920823084476312
0.6911726742076837
-0.26551566482819167
-0.9177915804390674
-0.43645193980124725
0.4139185684743053
0.9662575605722846
0.9002443173942756
-1.0316211882052424
-0.24902568735875652
0.5897072537879227
0.6466804614113825
1.0635393270211986
1.2012871079398635
1.0371655821562762
1.3622430420457687
1.0168146408751753
1.216000881338189
0.9620077009747452
0.7185681694525838
0.7910511200696928
1.067222317349886
-0.6122606001599904
-0.2883515645813662
0.35909535429998457
1.0727651447166187
0.3020393666199195
-0.6406750033406211
-2.8035862852174382
-0.6298211365833933
-0.04627540317952702
-0.423232046561669
1.2027287556259825
1.354094939342201
0.9698020236843002
0.17818932898342177
0.1999600489937621
0.04893996429636523
-0.6919994404976771
0.28035934266965673
0.6806193314680054
1.0224544453526563
0.5246090940228709
0.6668910258018532
0.7051901297076583
0.841720154314558
0.4750746447569934
-0.6756157179943167
-0.6897096751636217
-1.4468355442945184
-2.2225377686558687
-2.472248782032781
-0.8620319057411789
-2.4560999518661086
-0.6031374347751771
0.5847367096821134
0.9450066992825139
0.9411075419561475
0.4811645669385984
0.8093117297584516
-0.14230026592572667
0.7357300778224173
0.9343973198682554
0.4495245725496746
-1.0220404429459877
-0.4598753418144689
0.20377067336734195
0.03283232971002365
-2.4473504480776755
-0.5740482923563907
-1.3566466287894352
-0.29070454336703
0.6960357327229449
1.206838347697849
1.352158622553941
0.7160439677474709
-1.1491479510785587
-0.16872749036762966
0.4908616375145206
0.12484518695385304
-1.9644788914416635
-0.19636946619685292
-0.2894425459010689
-0.8563091250336404
0.293165064342024
0.28877161187959144
-2.1643019999919946
-1.6971249353373825
-2.7167656837388345
-2.43592527046804
-0.9207101346386775
-0.7535305598756783
-0.4114236297214477
-0.10430346707126227
-0.23503684816791492
-0.2385473536690358
-0.38455120935489095
0.0822857311651103
-0.32197278407938723
0.23932510929727818
0.3048760574968024
0.6420169951068992
0.6402956021886946
0.2916812342448096
-0.19149485153274987
0.24198407932753208
-0.37964409367588203
-1.1779974838886949
-0.3254063310765678
-0.3842815284025292
-0.5114807898549553
0.04302293165029782
-0.7318890019687769
-0.38806303259379116
0.1728132867775376
0.7533339999443301
1.0638074823252945
0.984701107499932
1.0066471886998374
1.0039685276205064
0.49084171869781373
0.04999511142765822
0.22943965232326485
-0.1674913167152698
-0.314396341771831
0.19883863129294183
0.3951571197271783
0.24602409322594554
-0.2791011981341061
-0.05207019741334581
-1.774195962963255
-2.807385037747278
-2.7321156889461182
-2.844091052855747
-2.6657723008766934
