0.2422984
0.16848126
-0.033252776
0.10116151
0.36128068
0.2100308
-0.040339828
0.14581925
0.054802746
0.2111587
-0.54672277
-0.6414777
-0.2738955
0.056810528
-0.2307421
0.14104849
0.33218285
0.4306922
0.34976354
0.60727566
0.6470076
0.5625188
0.70102626
0.78737205
0.84651625
0.7793242
0.8457035
0.39450014
0.34420997
0.23928005
0.12028211
0.46201646
0.46216318
0.5348704
0.446543
0.25219658
0.6350549
0.35405898
0.38700515
0.5209101
0.54430795
0.8467045
0.6841972
0.38988423
0.32688272
-0.026612282
0.3772319
0.47492328
0.53480554
0.4550122
0.08877736
0.032598704
-0.08659041
0.3252362
0.050192446
0.2851478
0.28940722
0.060987502
0.53888535
0.70356995
0.63109416
0.032227248
-0.06054938
-0.006197393
0.18211013
-0.19138092
-0.0031872988
-0.25241202
-0.39590567
-0.49667728
-0.03850013
-0.3270278
-0.07916379
0.012774855
0.40379453
-0.23414761
0.15836766
0.47087377
0.68004405
0.66020215
0.5695961
0.7532615
0.6009049
0.39635205
0.86358446
0.98331046
0.9940648
0.92295545
0.8707248
0.96175885
1.0551598
0.8876028
0.72822624
0.81001043
0.16566792
0.337305
0.47613326
0.6082756
0.64587045
0.63798285
0.7480085
0.68052006
0.75509953
0.6014607
0.67109513
0.81071913
1.0303502
1.1395376
1.083349
0.8675072
0.85941297
0.81561464
0.9913156
-0.16175735
-0.51242197
-0.5063726
-0.41523105
-0.45711303
-0.20936823
0.01402086
0.16260612
0.022224128
-0.28042388
0.105176955
0.08056015
0.15373787
0.36059546
0.66387403
0.71408415
0.41213632
0.84501123
1.0445619
1.0475245
1.0136585
0.98000365
1.1265519
0.7921738
0.6521287
0.9848093
0.60011214
0.86522245
-1.1035991
-1.3157617
0.38166764
0.6458238
-1.2573906
0.6143265
0.21767157
0.60115206
-2.393661
-2.5950925
-1.6367192
-0.9179423
-1.8997028
-1.8276558
-2.4242482
-1.7871432
-1.7947643
-1.7202857
-2.5074017
-2.8973484
-1.9374309
-0.70349026
-0.123672485
-0.20169073
0.23040548
0.64083016
0.5348299
0.72933805
0.7761198
1.075708
0.89316237
0.38164446
0.89072776
1.1376407
0.92959154
0.82209194
1.1307356
0.49133855
0.9618129
0.6977854
0.9019251
0.98289835
-0.099978864
0.67465866
0.8327412
0.82534647
0.081827074
0.5198076
0.4395471
0.5144326
0.82071495
0.68168175
0.3965804
0.5089843
0.16428885
0.048891127
0.2606927
-0.71292377
-0.0627386
-0.40615582
0.009895742
0.3123364
-0.33933055
-0.51301396
0.085840344
-0.30086356
-0.20882303
-0.31522167
-0.76305985
-2.6723952
-1.3384334
0.012583971
0.14937416
-0.23141909
0.2888533
0.3150757
0.4521763
0.3971926
0.31087565
0.61860627
0.7542201
-0.23461843
-2.5130854
-0.7751975
0.513544
0.20575622
0.7609326
0.37506557
0.010858029
-0.14821601
-1.0122472
-1.9228649
-1.53687
-0.9821136
-0.80811405
-0.89010656
-0.088754475
-0.023825586
-0.064747274
0.3135485
0.31927618
-0.824988
-2.0329263
-2.2081485
-1.240478
-1.0711921
-0.58562887
-0.87540424
-0.3112719
0.37287024
0.66686857
-0.03951651
0.18177083
-1.1707125
-0.2236448
0.023225307
0.48022425
-0.62219644
0.118594885
0.14676303
0.2865088
0.6253414
0.16875517
-0.2176497
0.8048704
1.0509453
0.51716053
0.3596121
-0.27855837
0.2992514
-0.20247436
-0.035452664
-0.19991565
-0.2780136
-0.7167864
0.010682702
-0.7319951
-0.9733007
-1.049414
-0.45755732
-1.0422754
-0.9997202
-1.1235086
-0.8056103
-1.1099992
-0.4406259
-0.099396646
0.0063026547
-1.236398
-0.5099782
-0.8637234
-0.08356959
0.5663037
0.076645106
0.20951736
0.22185028
0.70588696
0.7679243
0.75057244
0.35852087
0.6740556
0.025496513
-0.8611214
-1.5454037
-2.3532734
-1.0988373
-2.68361
-0.40172267
-2.5530148
-1.515121
-0.42696565
-0.67308915
-0.12121028
0.1655415
0.20249385
0.38588488
0.44014382
0.5428887
0.21610749
0.12043834
0.3060678
0.7202927
0.7781962
1.1455544
0.38159326
-2.354714
-0.41423404
-0.025107026
-2.5263276
-0.038348794
0.21752
0.14868775
0.032521844
-0.35762733
-0.39862216
-0.032272935
0.20309204
0.3011089
0.23961619
0.17318106
0.0256674
0.5598972
0.7683226
0.33957878
0.6804383
0.77195966
0.31681335
0.4647601
0.3749386
0.2754068
-0.08555639
0.1946015
0.57541025
-0.69154596
-0.46877283
0.2600224
-0.49759
-0.06990653
0.92093813
0.98955786
-0.41861922
0.09264615
0.5529766
0.2176697
0.82704735
0.71117187
0.35501134
-0.060554028
0.6369753
1.5103002
0.122217536
0.39988118
0.6771323
0.86497533
0.96106994
0.7939664
1.138045
0.9647236
0.26395497
-0.31790078
0.18382257
0.4746972
0.6909935
0.7103286
0.18818876
0.5221667
0.85687613
0.7208101
0.7746339
0.7093234
0.36942983
0.58096975
0.44563562
0.7613266
-0.34787053
0.18335095
0.6349784
0.65972847
0.42569757
0.0626744
-0.8002981
-0.21297514
0.17794067
0.55398315
-0.2874357
0.12878647
-0.07269609
-0.27117425
-1.8099504
-1.5269074
-0.4782315
-0.14724475
0.23801243
-0.035598516
-0.59173286
-0.43340462
-0.24818522
-0.28855717
-1.7354817
-0.49568933
-0.04594308
-0.08074492
-1.4983172
-1.3410963
-1.5296903
-1.1020633
-0.75948524
-0.70608234
-1.5298805
-2.0334928
-2.436696
-1.8651402
-0.86114097
-0.4752844
-0.24505484
-0.46061248
-0.4975596
-0.94861126
-0.7584212
-0.19128478
-0.9063971
-0.86498046
-0.32710993
-0.058556557
0.42421162
0.24353209
-0.81566966
-0.19139099
0.28890228
0.5866847
0.75032955
0.84354186
0.73360336
0.76578665
0.73505795
0.39119008
0.5877304
0.3140831
0.25270712
-1.3840013
-1.7557867
-1.4485793
-1.4358587
-1.6811147
-1.0294024
-0.120039046
-0.95944726
-0.69329345
-0.70408106
-0.66310143
-2.2250595
-1.4985765
-0.7119539
-0.21930069
-0.2990337
-1.5714056
-1.2517793
-1.2202319
-2.1166506
-2.1428568
-1.6464176
-2.5129945
-2.5576913
-1.5024726
0.11333737
0.26031247
0.018796891
-0.38402486
0.13474122
-0.3060242
-0.063165426
0.4717337
0.42666948
0.335742
0.59896576
0.33302572
0.55665565
0.4497284
0.37912852
0.5922886
0.036213517
-1.827018
-0.85979545
-0.49962813
-0.11357427
-0.13171202
-1.0124812
-0.70530033
0.1949844
-0.23869991
0.5863088
0.8255196
-0.5183989
0.8434441
0.72251815
0.9364449
1.1513579
1.0924797
1.1595308
0.85126996
0.9421562
0.48196238
-0.27763122
-1.6608279
-0.9238653
0.1334764
0.55928683
-1.8406425
-0.68781257
-0.49429727
0.1325697
0.3199439
0.3628161
-1.9306791
-2.3319538
-0.40955234
-1.4659196
-0.78399456
-1.912015
-2.914397
-1.0714575
-0.35759348
-0.79748285
-0.17514867
0.52539057
0.48792943
0.011183649
0.44262806
0.5988301
-1.5329704
-0.46697682
-0.07919365
-0.38562107
-0.4068491
-2.1384854
-2.5737858
-1.6865304
-0.7866087
-0.73663425
-0.3016023
-0.30271202
-2.3090022
-1.5084329
-0.21390164
-0.09342444
0.35089043
0.50613445
-0.16799581
-0.891536
-0.75055873
0.22913012
0.60643375
0.39054626
0.5411173
-0.175008
0.30539048
0.22082731
0.13430023
-0.07133049
-0.3862046
-1.5615025
-2.1556752
-2.6511912
-2.239899
-1.2903374
-0.54242563
-1.6080163
-2.1674125
-1.4131327
-1.9950752
-2.0907025
-2.0732782
-2.4279027
-2.0539858
-0.06247604
-0.845307
-0.39736366
-0.34603173
-0.8958578
0.2306326
-0.09359437
0.26137435
0.8508678
0.8853554
0.1808056
-0.1831075
-1.1448476
-0.43145102
0.07270756
0.29029635
0.19163063
-0.3998732
-1.2046928
-2.2361035
-0.93225694
-1.0098671
-1.0989686
-1.0282152
-1.8232758
-2.5021875
-2.7771769
-1.0140876
-0.606073
-1.0209916
-1.9247885
-1.5334334
-2.1245682
-1.8839712
-1.987865
-1.3542861
-1.3993295
-1.4820725
-1.4806727
-1.9868324
-0.78803563
-0.09633088
0.29088604
0.32113856
0.07947689
0.27572346
0.2313487
0.1372661
0.2928973
-0.9047359
-2.9247203
-1.5184731
-0.44780248
-1.0339737
-0.9022286
-0.8216522
-0.33194172
-0.94018066
-1.30285
-1.364821
-1.8069599
-2.6736474
-2.593294
-1.93976
-1.0307605
-0.7398857
0.02350095
-0.28661078
0.0006606579
0.1692304
-0.6705837
-0.14780754
-0.38182175
0.36024845
0.035377264
0.4667309
-0.13010865
0.38939783
0.49178448
-0.21045995
0.13160026
0.32877484
0.40329328
-0.63148963
-0.13701433
0.14737007
0.32156184
0.39767337
0.5161247
0.1824008
-0.28778124
-0.35096973
-0.31695062
-0.274683
-0.2586305
0.29722658
0.5468459
-0.33612406
-0.5705358
-2.246687
-0.088804305
-0.31627107
0.09289485
0.037721276
-0.12770814
-0.9163563
-0.8508731
-1.0403594
-0.29457635
-0.39625764
-0.12712681
0.15108767
0.39920557
0.36104307
0.24683568
0.31040958
0.19157284
0.23821345
-0.09589714
0.20836306
0.2432808
0.42847136
0.22898966
-0.27738398
0.16404197
0.34257615
0.23265916
0.14754376
-0.024511456
0.36899966
-0.18368268
0.01979667
0.2730618
0.18406677
-0.8575399
-0.36711645
-0.38919324
-0.02946961
0.032707453
-0.13166815
-0.10203034
0.067748636
-0.17610109
-0.48912716
-0.5622592
-0.51775527
-1.3003043
-0.11560047
0.512174
0.41423118
-0.33251375
-0.56784093
-0.9529296
-0.5659299
-0.17754024
0.1525239
-0.043490827
0.1666964
-0.40266114
-2.4509828
-1.652797
-0.62319994
0.036957324
0.005969554
0.35719272
-0.062310696
-0.21208853
-0.27245998
-0.029653728
0.14418808
0.10115653
-0.53778446
-1.1837544
-0.2884938
-0.467076
0.06897515
0.0679591
-0.28980488
-0.21884692
-0.2424593
-2.1978998
-2.370617
-1.7432997
-0.18220395
-0.10165769
-0.36931974
0.25281036
0.31137297
0.38580632
0.2464006
-0.3809098
-0.5678662
-0.28009355
-0.6463518
-2.132685
-1.1158934
-1.0197052
-0.92650557
-2.0071936
-2.1005516
-2.0659451
-2.413325
-2.456818
-1.5869305
-0.2738515
0.21025476
0.18518132
0.30380926
0.2785253
0.24845612
-0.76959455
-0.75268435
-0.2038284
0.028118193
-0.30452502
-1.6934872
-0.87713516
-0.052565277
0.2257489
0.56823575
0.49767855
0.2569924
0.4899002
0.7721878
0.9315249
0.8294186
0.42415196
0.748108
0.80220705
0.8919057
0.14662448
0.30300972
0.4169535
0.5377283
0.42160732
0.41991872
0.2758494
0.5466536
0.45751753
0.26043358
0.5289213
-0.10553783
0.28630066
0.23189184
0.04203555
0.36004215
0.561424
0.62973875
0.09514594
-0.51236403
-0.15839857
-0.48023337
-2.151494
-2.4407847
-1.1044997
-1.5046139
-2.3299212
-2.7462242
-0.95212746
-0.058022857
-0.39396554
0.049652994
0.30510592
0.20804158
0.20056376
-0.8028008
-0.75796914
-0.07603878
-0.08694875
-0.33028352
-0.26630718
-0.5461203
0.010999829
-0.00083631277
-0.6875504
-2.0592606
-1.0267981
0.3215983
0.21291965
0.18051204
0.3860389
0.60357916
0.1458869
-1.1818619
-0.55120456
0.06898007
-1.5052686
-0.27726126
0.13772014
-0.1394577
0.27986103
0.09857947
0.09045434
0.28816685
0.19394779
0.06488788
-0.1679892
0.35313296
-0.067025006
0.039463162
-0.18556541
0.060181856
0.15623891
-1.4122545
-2.5941973
-2.5848806
-1.2358567
-1.6199608
-0.17615873
-0.2657361
0.08063349
-0.092314005
0.07248056
-0.10811317
0.05101496
-0.08938336
0.022530764
-0.8291303
-0.35579628
-0.28880972
-1.1111479
-2.2322016
-0.7353947
-0.2951455
-0.7655877
-0.47276777
-1.825665
-2.4070966
-1.2080656
-0.31174606
-0.43375522
-0.16230333
-0.41074902
-0.34356564
-0.30532193
-0.069934905
0.04918903
-0.031499445
-1.0548604
-0.44962972
0.17613879
-0.028652966
0.22903761
-0.31131595
-0.3132621
-0.41174734
-0.685132
-0.38267845
-0.36662757
-0.51164687
-0.7181295
-0.19018817
-0.3384912
0.26832193
0.64531064
0.6279195
0.7868211
0.6231486
0.68372595
0.43591613
0.12528
4.4703484e-05
-0.06058687
-0.65051055
0.07461932
0.029163063
0.12966877
0.4618189
0.4776382
-1.4353039
-1.6205378
-0.073412836
-1.0775515
-1.3915373
-0.5656209
-0.85452473
-0.72208285
-0.23682255
-0.37550253
-0.35818213
-0.5183648
-0.8663069
-0.68149865
-1.815095
-2.467212
-1.8433609
-0.12737721
0.049655676
0.03973201
0.2457506
0.2544472
0.53801316
0.4306823
-0.312882
-1.3992876
-0.2612298
0.29977322
0.14824203
0.0964987
-0.68052065
-0.30960637
-0.29818338
0.16244665
0.4233982
0.14230523
0.46293095
0.4028077
0.3146288
-0.14019793
-0.47981453
-0.27310407
-0.45807612
-0.18414205
-0.09903216
0.5406473
0.18130869
0.5784594
0.92360425
1.2484632
0.97427344
1.2144642
1.2714999
-0.31559956
0.62231123
0.56113416
0.6921302
0.30283988
0.14560983
0.493287
0.2999394
-0.13729244
-0.35415435
0.14612246
-2.5293505
-1.6514137
-0.28858614
-0.1344288
0.24556941
0.48078418
0.57542
-0.97419155
-2.5192406
-0.99786854
-1.6285272
-1.6936891
-0.5178511
0.41447502
0.6640017
0.37186086
0.15402576
-0.5707551
-0.048594832
0.3339761
0.24259803
0.121301204
0.50944155
0.76683927
0.4439182
-0.2481646
0.37021545
-1.1433892
0.09618771
0.28599542
-0.17469674
-0.54933953
0.390557
0.46497092
0.32696635
-0.7421653
-1.1946368
0.6374843
0.8962916
-0.22051316
-0.41220742
0.24328136
0.5817376
0.8010405
0.4753702
-0.5294504
-0.3691904
-0.2037819
-0.22879887
-1.7046912
-0.35969192
-0.45175707
0.278942
0.090468824
-0.55412424
-0.9762728
-0.2158621
0.5513376
0.59404594
0.5492316
0.98921204
1.1231031
-0.20867407
0.3386054
-0.26566166
0.21529973
-0.4393497
0.8146522
0.44543752
-0.3784566
0.24077192
0.24540448
0.13473696
0.41953108
-0.17350972
0.8604613
0.9828101
0.07144299
-0.4618308
-1.0095118
-0.8824947
-0.62173045
-0.6924938
-0.06830317
-0.0796535
0.1840426
0.06287968
-0.041534007
-0.50653136
0.2391364
0.14914364
-0.27005893
0.29602575
-0.06609833
0.59276545
0.061812997
0.709617
-0.28412342
-0.54720557
0.031295806
0.027471393
0.06497097
-0.3010229
-0.4553607
-0.203058
0.26918563
0.4086395
0.8528688
0.7664254
0.35332125
0.7794869
0.8805447
1.032729
0.6408787
0.8891305
-0.8585019
0.0986208
-0.8209542
-0.22476745
0.14480668
0.35972646
-0.25518638
-0.5356239
-1.6279304
-0.53460705
-0.12146348
-0.19650674
0.12612057
0.31859615
-0.3231458
-0.2916627
-0.17776853
0.23572943
-0.27875918
0.40896702
0.2179614
1.1594243
1.1404884
1.153615
1.0641376
-0.07951784
-0.24637735
-0.22465771
-0.047388077
-0.21485656
0.47664884
0.6810776
1.0349616
1.2602707
1.2247982
1.1962063
0.63619727
1.1453624
0.9820876
0.8715855
0.5856219
0.51449287
0.32234746
0.3809383
0.63221663
-0.4089558
-0.09128976
0.31827104
-0.39768136
-0.28809816
-0.3293553
-0.15011281
-0.6742072
-0.23633349
0.080444336
0.33918935
0.29433084
-0.14008623
-0.17964262
0.17090839
-0.30430925
-1.3990833
-1.6944878
-0.86277544
-0.61361885
-0.40912426
-0.24270624
-0.3505116
-0.3251956
-0.3292365
-0.22790784
-0.118994
0.16607714
0.5676623
0.13254848
0.096701026
0.11737096
-0.14056736
-0.06628299
-0.53303456
0.45290565
0.56691116
0.6161997
0.7081626
0.65120995
0.4036539
0.57306546
0.49068874
0.70623446
0.85295486
0.41398472
0.56552476
0.5592233
0.44981706
-0.15318781
-0.2498737
0.09762615
-0.40924644
-0.10470265
-0.09649587
-1.4543535
-1.077558
-1.9679642
-2.0406153
-1.926872
-2.3814473
-2.0073376
-0.66156757
0.05245325
0.12592676
0.36761326
0.26284498
0.30762434
0.5635737
0.6545226
0.392095
0.18630695
0.19085723
0.0357576
0.21229187
-0.315049
-0.27721196
0.20903552
0.26128924
0.118047416
-0.6167686
-0.23075509
-0.06348473
0.40814677
0.4264856
0.4458465
0.5882664
0.4866616
0.25137812
0.5211497
0.45345134
0.12851861
0.054725647
0.3973515
-0.38768786
0.079543054
-0.17875308
0.075121075
-0.7331494
-0.25698423
-0.23345536
-0.78165245
-0.29672056
-1.1401523
-1.866015
-1.1954911
-1.7077928
-1.4217402
-1.3130355
-2.4762585
-2.4746418
-2.3686225
-2.94522
-1.5882709
-0.6940143
0.23279041
-0.96963453
-0.4717967
-1.581913
-2.043744
-0.8927705
-2.1302729
-1.6467786
-0.93539345
0.13099188
-0.14702064
-0.8168719
-0.79839015
-1.640491
-1.8210943
-1.2348801
-0.7318733
-0.9875424
-0.25046843
-0.020904839
-0.033792436
-0.15579486
0.18667579
0.5037172
0.5138419
0.076132625
0.07840988
-0.09851915
-0.18950617
0.11026335
-0.043605268
-1.6758902
-1.8784099
-1.1266674
-0.3318016
-0.3769312
-0.32021016
0.23284495
0.30111974
0.34137517
0.5898912
0.32489714
-0.90529
-1.3111168
-0.36377817
-0.08834213
-0.9759904
-1.0450348
-1.1390868
-1.9159796
-1.9782314
-1.3242731
-1.3590049
-1.1685194
-1.0331777
-0.5276811
-0.1669904
0.19121167
-0.37713456
-0.63121986
-1.1425121
-0.8324083
-1.1750846
-0.0008442402
-0.097307146
-0.85200274
0.05462402
-1.1662704
-0.271711
0.38951764
-0.9463092
-0.9299178
-0.6326679
-0.1971286
-0.79645896
-1.6935499
-1.1044579
-0.55284846
-0.86214423
-0.88427114
-0.5251303
-1.5322218
-1.848763
-2.7540743
-0.72234786
-0.027602434
0.42966092
0.5957104
0.0915384
-1.088492
-2.0062919
-2.367795
-2.9043074
-1.3514967
-1.4676211
-1.1934019
-1.3727146
-1.1187195
-1.8235426
-1.1236159
-1.9595368
-1.427928
-0.25806868
0.33412886
0.06773275
-0.17549765
0.16895732
-0.69747746
-0.3358689
-0.16655117
-0.4328081
-0.9217069
-1.3335286
-2.6247544
-2.3857806
-2.4197292
-2.4920318
-1.9410908
-1.1062671
-0.86561286
-0.41498858
-1.0675226
-0.63899004
-0.18403494
0.0487431
-1.1608781
-1.7123165
-1.8609354
-2.284517
-1.2134387
-1.5074501
-2.1875217
-1.7753673
-2.2644823
-2.3325055
-2.3517845
-1.8342941
-1.6541021
-1.8379264
-2.3758924
-1.9376812
-1.5838199
-0.89154685
-0.49391252
-0.93298364
-1.8533356
-0.4040563
-0.18005484
-0.18896633
-0.0022158027
-0.162435
0.42267787
0.60525084
0.018907458
0.33562273
0.7720661
0.7105799
0.95031846
1.1606953
1.1763315
0.7954768
0.8924517
-0.06712186
0.33088797
-0.27690881
0.4016631
-0.08412439
0.095679045
0.4848115
0.8668183
0.63301194
0.33075926
0.2005023
-0.8181658
-0.20453465
0.40693074
0.024169117
0.26624647
-0.08605659
0.22918892
0.68624544
0.6603922
0.6637047
0.733091
0.61003417
0.7214255
0.42679152
0.74967736
0.69123787
0.6418263
-0.69337237
-1.2057778
-1.7011249
-0.5376514
-0.9605253
-0.38173908
0.38541457
0.46818474
0.2791494
0.45885533
0.20782918
1.0118431
0.89629006
0.56286705
1.03672
0.6671536
0.65333974
0.6347627
1.1572328
0.87256324
0.49131042
0.60187405
-0.54611146
0.17767271
0.5710321
0.7080064
0.4883206
0.5187035
0.3559746
0.3562398
0.37943044
0.5255532
0.5017226
0.779587
0.9879865
-0.21032989
0.6952411
-1.138336
-0.41643417
0.25269824
0.8207662
0.60696316
1.0645232
0.85641634
0.23641744
0.4413949
1.1010249
1.1027095
0.7468915
-0.107387185
-0.8708372
-1.7528908
-2.127095
-0.48864335
0.4560606
0.6163714
-0.9446888
-1.9398837
-1.6183853
-0.4052195
-0.41356462
-0.5596192
-0.3770787
-0.53296256
-0.13030607
0.51766443
0.29001376
0.5011006
0.52910835
0.5443436
0.73913014
0.4921092
0.62071633
0.9772149
1.10622
0.8836791
1.1391737
1.1802394
1.1277561
0.015154481
0.07084629
0.19308415
-1.171575
-1.805681
-2.493623
-2.7642763
-0.84704065
0.3932708
0.73468167
0.7564248
0.8489784
0.89802414
0.8314984
0.79456496
0.6715473
0.8616011
0.73914677
0.2591554
-0.0969097
-1.0515258
-1.7483201
-1.7610097
-1.9413447
-1.0521988
-0.98958313
-0.7614454
-1.6569691
-1.0312988
-0.09154564
0.20532575
0.77152884
0.54277176
0.17533329
0.29326552
0.037401497
-0.21936506
0.087435454
0.4604837
0.5188323
0.6834868
0.1708478
-0.4688869
0.6151392
0.83707637
1.1348817
1.2496066
1.2979233
1.3986655
1.3308556
1.3021724
1.350802
1.3400514
1.400488
1.2916621
1.5442837
1.3325019
1.4853147
1.538487
1.6356597
1.3336494
1.5560333
1.5346221
1.6141598
1.2345326
1.6113857
1.4378706
1.34581
1.3492429
1.4436662
1.4844007
1.5100772
1.5785497
1.2860168
1.5465757
1.1483
0.87699205
-0.25976366
-1.7675471
-2.4425316
-1.952318
-2.6128213
0.3319984
0.57963955
0.6254303
0.4351823
0.6918381
0.78226554
0.5810548
0.8196192
0.13797352
0.16888437
-0.042781174
0.114367604
0.37411463
-0.38760388
-0.58075047
0.055890203
0.7703825
0.93916667
0.27784383
0.58271337
0.50354177
0.98830646
0.95450664
1.0911032
1.3284063
0.59855175
1.070982
1.3858825
1.2768863
1.0448189
0.75451624
0.7622001
0.9348738
0.8995712
0.96231854
0.9578279
1.0662751
1.1932421
1.297967
1.2311165
0.45375156
0.88546777
1.0209699
-1.4466649
-1.3154553
-1.02241
-0.308313
-0.63286614
0.13710901
0.40145904
0.25367573
0.85757923
0.8603264
1.0298936
1.263854
1.326989
0.9309087
0.6542783
0.5102234
-0.66284835
-1.4841095
-2.3728426
-1.8700655
0.1401152
-1.9955027
-1.7574625
-0.6282406
-0.66925573
-1.6733041
-2.9143834
-1.7756476
-0.78216755
-0.6099974
-0.029129207
0.05020222
-0.18517488
-0.7166146
-0.7093985
-0.035876036
0.58838195
0.82055384
0.92217
0.903023
0.9210586
0.95070684
0.98501027
0.26563662
0.44619918
-0.26202244
0.18632334
0.44284922
0.31304687
0.43671256
0.9754461
0.85829234
0.27614033
1.0608789
0.8237121
0.7741283
0.14675337
0.24341881
0.1266166
0.20638263
0.17628536
-1.0177565
-0.916504
-1.7490265
-2.2550778
-0.9918752
-0.6878247
-0.6432692
-2.257871
-0.6191137
-1.1910238
-2.1341379
-0.22251058
0.020846933
-0.24704605
-0.16071975
-0.7527337
-0.73342526
0.079773664
-0.8419478
-1.2049
-2.0027225
-1.2702782
-1.6408718
-0.39679658
-2.4191437
-0.7403822
-1.7364795
-1.6797278
-0.15517521
0.85666883
1.077647
1.138854
1.0120841
0.77576065
-0.36783212
-0.96360695
-0.53221714
0.20578721
0.71051145
0.63977075
-1.3574142
-0.31419235
0.56574935
0.6442273
1.070484
0.9129865
0.9791679
0.9948959
0.83592474
0.9307862
0.89046645
0.69399273
0.7067446
0.83279765
-0.58662665
-0.33943802
0.3333772
0.794837
0.20364583
-0.48442596
-2.6515667
-0.8997381
0.22748819
-0.6859863
0.85901177
0.9469737
0.7187209
-0.019750357
-0.22467542
-0.24889106
-0.6975684
0.10547328
0.6882894
0.7512535
0.6508681
0.76118755
0.672457
0.81495637
0.36370414
-0.93931365
-0.3352546
-1.2351537
-2.0772278
-2.557545
-0.9966433
-2.127833
-0.43105596
0.6736443
0.9114098
0.76148015
0.4027562
0.7705598
-0.32298774
0.65288854
0.68985677
0.32700098
-1.2389624
-0.3672356
0.17823285
-0.1693632
-2.6117752
-0.61093557
-1.5538573
-0.32206613
0.69538337
1.1673219
1.007394
0.8665885
-1.3511117
-0.36117756
0.67051774
0.003358692
-2.0277154
-0.1764583
-0.34033912
-0.9335464
0.24470755
0.2422558
-1.8168294
-1.5861497
-2.4944317
-2.2532644
-0.6680517
-0.93764126
-0.5088941
-0.40763217
-0.60409474
-0.4305542
-0.43039483
0.047276825
-0.57926047
0.22245347
0.08054459
0.6308529
0.55972266
0.23083305
-0.3718115
0.09977499
-0.500643
-1.402634
-0.13827175
-0.5374901
-0.7126138
-0.05474639
-0.8205335
-0.39321333
0.13263667
0.7497425
0.9124073
0.9043616
0.8054615
0.8920126
0.2111181
-0.0020697713
-0.017719388
-0.3784654
-0.3120777
0.107967645
0.17101085
0.055360854
-0.25541836
-0.2721262
-1.809741
-2.6800451
-2.5919144
-2.622399
-2.530608
